ORDER   PARTICIPANT		    HEART RATE
(1)       part 4:       [67, 73, 67, 72, 69]
(3) 	  part 12:	[75, 75, 74, 77, 74]
(4) 	  part 1:	[108, 106, 108, 108, 107]
(5) 	  part 3:	[95, 98, 99, 98, 103]
(6) 	  part 14:	[81, 78, 79, 79, 79]
(7) 	  part 13:	[65, 68, 67, 68, 65]


(8)	  part 7:	[126, 143, 148, 151, 156]
(9)	  part 10:	[157, 157, 164, 155, 161]
(10)	  part 2:	[142, 145, 144, 144, 148]
(11)	  part 11:	[140, 145, 149, 151, 151]
(13)	  part 8: 	[144, 147, 146, 152, 154]
(14)	  part 5:	[149, 148, 149, 153, 152]
