0.008 11968 8029 8781 3754 3754 3754 3754 3754 -1 0 8192 -1 -1 -1 -1
8.483 11968 8029 8781 3754 3754 3754 3754 3754 -1 0 8192 -1 -1 -1 -1
8.800 11968 8029 8781 3754 3754 3754 3754 3754 -1 0 8192 -1 -1 -1 -1
9.076 11968 8029 8781 3754 3754 3754 3754 3754 -1 0 8192 -1 -1 -1 -1
9.609 11934 8029 8781 3754 3754 3754 3754 3754 -1 0 8192 -1 -1 -1 -1
9.835 11934 8029 8781 3754 3754 3754 3754 3754 -1 0 8192 -1 -1 -1 -1
10.077 11934 8029 8781 3754 3754 3754 3754 3754 -1 0 8192 -1 -1 -1 -1
10.574 11934 8039 8808 3754 3754 3754 3754 3754 -1 0 8192 -1 -1 -1 -1
33.135 11934 8039 8808 3754 3754 3754 3754 3754 -1 0 8192 -1 -1 -1 -1
34.006 11934 8039 8808 3754 3754 3754 3754 3754 -1 0 8192 -1 -1 -1 -1
35.711 11934 8039 8808 3754 3754 3754 3754 3754 -1 0 8192 -1 -1 -1 -1
36.299 11934 8039 8808 3754 3754 3754 3754 3754 -1 0 8192 -1 -1 -1 -1
36.887 11934 8039 8808 3754 3754 3754 3754 3754 -1 0 8192 -1 -1 -1 -1
38.134 11951 8039 8808 3754 3754 3754 3754 3754 -1 0 8192 -1 -1 -1 -1
38.746 11951 8039 8808 3754 3754 3754 3754 3754 -1 0 8192 -1 -1 -1 -1
39.477 11951 8039 8808 3754 3754 3754 3754 3754 -1 0 8192 -1 -1 -1 -1
40.619 11951 8047 8832 3754 3754 3754 3754 3754 -1 0 8192 -1 -1 -1 -1
57.084 11951 8047 8832 3754 3754 3754 3754 3754 -1 0 8192 -1 -1 -1 -1
57.809 11951 8047 8832 3754 3754 3754 3754 3754 -1 0 8192 -1 -1 -1 -1
59.349 11951 8047 8832 3754 3754 3754 3754 3754 -1 0 8192 -1 -1 -1 -1
59.914 11951 8047 8832 3754 3754 3754 3754 3754 -1 0 8192 -1 -1 -1 -1
60.238 11951 8047 8832 3754 3754 3754 3754 3754 -1 0 8192 -1 -1 -1 -1
60.786 11951 8047 8832 3754 3754 3754 3754 3754 -1 0 8192 -1 -1 -1 -1
86.224 11951 8047 8832 3754 3754 3754 3754 3754 -1 0 8192 -1 -1 -1 -1
87.198 11951 8047 8832 3754 3754 3754 3754 3754 -1 0 8192 -1 -1 -1 -1
89.660 11955 8032 8798 3754 3754 3754 3754 3754 -1 0 8192 -1 -1 -1 -1
90.260 11955 8032 8798 3754 3754 3754 3754 3754 -1 0 8192 -1 -1 -1 -1
90.916 11955 8032 8798 3754 3754 3754 3754 3754 -1 0 8192 -1 -1 -1 -1
92.147 11955 8032 8798 3754 3754 3754 3754 3754 -1 0 8192 -1 -1 -1 -1
92.689 11955 8032 8798 3754 3754 3754 3754 3754 -1 0 8192 -1 -1 -1 -1
93.262 11955 8032 8798 3754 3754 3754 3754 3754 -1 0 8192 -1 -1 -1 -1
94.844 11955 8032 8798 3754 3754 3754 3754 3754 -1 0 8192 -1 -1 -1 -1
95.336 11955 8032 8798 3754 3754 3754 3754 3754 -1 0 8192 -1 -1 -1 -1
109.038 11955 8032 8798 3754 3754 3754 3754 3754 -1 0 8192 -1 -1 -1 -1
110.291 11927 8038 8784 3754 3754 3754 3754 3754 -1 0 8192 -1 -1 -1 -1
110.977 11927 8038 8784 3754 3754 3754 3754 3754 -1 0 8192 -1 -1 -1 -1
111.543 11927 8038 8784 3754 3754 3754 3754 3754 -1 0 8192 -1 -1 -1 -1
131.952 11927 8038 8784 3754 3754 3754 3754 3754 -1 0 8192 -1 -1 -1 -1
132.592 11927 8038 8784 3754 3754 3754 3754 3754 -1 0 8192 -1 -1 -1 -1
133.304 11927 8038 8784 3754 3754 3754 3754 3754 -1 0 8192 -1 -1 -1 -1
135.284 11927 8038 8784 3754 3754 3754 3754 3754 -1 0 8192 -1 -1 -1 -1
135.980 11927 8038 8784 3754 3754 3754 3754 3754 -1 0 8192 -1 -1 -1 -1
136.300 11927 8038 8784 3754 3754 3754 3754 3754 -1 0 8192 -1 -1 -1 -1
137.108 11933 8047 8807 3754 3754 3754 3754 3754 -1 0 8192 -1 -1 -1 -1
137.360 11933 8047 8807 3754 3754 3754 3754 3754 -1 0 8192 -1 -1 -1 -1
137.673 11933 8047 8807 3754 3754 3754 3754 3754 -1 0 8192 -1 -1 -1 -1
138.173 11933 8047 8807 3754 3754 3754 3754 3754 -1 0 8192 -1 -1 -1 -1
138.412 11933 8047 8807 3754 3754 3754 3754 3754 -1 0 8192 -1 -1 -1 -1
158.128 11933 8047 8807 3754 3754 3754 3754 3754 -1 0 8192 -1 -1 -1 -1
159.613 11933 8047 8807 3754 3754 3754 3754 3754 -1 0 8192 -1 -1 -1 -1
160.131 11933 8047 8807 3754 3754 3754 3754 3754 -1 0 8192 -1 -1 -1 -1
160.731 11933 8047 8807 3754 3754 3754 3754 3754 -1 0 8192 -1 -1 -1 -1
162.002 11961 8033 8841 3754 3754 3754 3754 3754 -1 0 8192 -1 -1 -1 -1
162.524 11961 8033 8841 3754 3754 3754 3754 3754 -1 0 8192 -1 -1 -1 -1
182.931 11961 8033 8841 3754 3754 3754 3754 3754 -1 0 8192 -1 -1 -1 -1
184.873 11961 8033 8841 3754 3754 3754 3754 3754 -1 0 8192 -1 -1 -1 -1
185.393 11961 8033 8841 3754 3754 3754 3754 3754 -1 0 8192 -1 -1 -1 -1
186.031 11961 8033 8841 3754 3754 3754 3754 3754 -1 0 8192 -1 -1 -1 -1
187.365 11961 8033 8841 3754 3754 3754 3754 3754 -1 0 8192 -1 -1 -1 -1
187.928 11961 8033 8841 3754 3754 3754 3754 3754 -1 0 8192 -1 -1 -1 -1
188.481 11961 8033 8841 3754 3754 3754 3754 3754 -1 0 8192 -1 -1 -1 -1
207.973 11949 8046 8807 3754 3754 3754 3754 3754 -1 0 8192 -1 -1 -1 -1
208.730 11949 8046 8807 3754 3754 3754 3754 3754 -1 0 8192 -1 -1 -1 -1
209.371 11949 8046 8807 3754 3754 3754 3754 3754 -1 0 8192 -1 -1 -1 -1
210.648 11949 8046 8807 3754 3754 3754 3754 3754 -1 0 8192 -1 -1 -1 -1
211.165 11949 8046 8807 3754 3754 3754 3754 3754 -1 0 8192 -1 -1 -1 -1
211.783 11949 8046 8807 3754 3754 3754 3754 3754 -1 0 8192 -1 -1 -1 -1
213.046 11949 8046 8807 3754 3754 3754 3754 3754 -1 0 8192 -1 -1 -1 -1
215.034 11949 8046 8807 3754 3754 3754 3754 3754 -1 0 8192 -1 -1 -1 -1
