0.009 3753 8279 8083 3754 3754 3754 3754 3754 -1 0 7264 -1 -1 -1 -1
0.668 3753 8279 8083 3754 3754 3754 3754 3754 -1 0 7264 -1 -1 -1 -1
1.839 3753 8279 8083 3754 3754 3754 3754 3754 -1 0 7264 -1 -1 -1 -1
2.210 3753 8279 8083 3754 3754 3754 3754 3754 -1 0 7264 -1 -1 -1 -1
2.735 3753 8274 8087 3754 3754 3754 3754 3754 -1 0 7264 -1 -1 -1 -1
2.958 3753 8274 8087 3754 3754 3754 3754 3754 -1 0 7264 -1 -1 -1 -1
3.262 3753 8274 8087 3754 3754 3754 3754 3754 -1 0 7280 -1 -1 -1 -1
3.937 3753 8274 8087 3754 3754 3754 3754 3754 -1 0 7280 -1 -1 -1 -1
4.385 3753 8274 8087 3754 3754 3754 3754 3754 -1 0 7280 -1 -1 -1 -1
6.197 3753 8274 8087 3754 3754 3754 3754 3754 -1 0 7280 -1 -1 -1 -1
25.981 3760 8274 8087 3754 3754 3754 3754 3754 -1 0 7280 -1 -1 -1 -1
26.533 3760 8274 8087 3754 3754 3754 3754 3754 -1 0 7280 -1 -1 -1 -1
27.128 3760 8274 8087 3754 3754 3754 3754 3754 -1 0 7264 -1 -1 -1 -1
28.362 3760 8289 8120 3754 3754 3754 3754 3754 -1 0 7264 -1 -1 -1 -1
28.854 3760 8289 8120 3754 3754 3754 3754 3754 -1 0 7264 -1 -1 -1 -1
29.475 3760 8289 8120 3754 3754 3754 3754 3754 -1 0 7264 -1 -1 -1 -1
61.767 3760 8289 8120 3754 3754 3754 3754 3754 -1 0 7264 -1 -1 -1 -1
62.484 3760 8289 8120 3754 3754 3754 3754 3754 -1 0 7264 -1 -1 -1 -1
66.618 3760 8289 8120 3754 3754 3754 3754 3754 -1 0 7264 -1 -1 -1 -1
67.974 3751 8289 8120 3754 3754 3754 3754 3754 -1 0 7264 -1 -1 -1 -1
68.479 3751 8289 8120 3754 3754 3754 3754 3754 -1 0 7264 -1 -1 -1 -1
69.043 3751 8289 8120 3754 3754 3754 3754 3754 -1 0 7264 -1 -1 -1 -1
70.259 3751 8282 8095 3754 3754 3754 3754 3754 -1 0 7264 -1 -1 -1 -1
70.747 3751 8282 8095 3754 3754 3754 3754 3754 -1 0 7264 -1 -1 -1 -1
71.658 3751 8282 8095 3754 3754 3754 3754 3754 -1 0 7264 -1 -1 -1 -1
73.747 3751 8282 8095 3754 3754 3754 3754 3754 -1 0 7264 -1 -1 -1 -1
74.525 3751 8282 8095 3754 3754 3754 3754 3754 -1 0 7264 -1 -1 -1 -1
75.268 3751 8282 8095 3754 3754 3754 3754 3754 -1 0 7264 -1 -1 -1 -1
101.661 3748 8282 8095 3754 3754 3754 3754 3754 -1 0 7264 -1 -1 -1 -1
102.042 3748 8282 8095 3754 3754 3754 3754 3754 -1 0 7264 -1 -1 -1 -1
102.361 3748 8282 8095 3754 3754 3754 3754 3754 -1 0 7264 -1 -1 -1 -1
102.851 3748 8265 8086 3754 3754 3754 3754 3754 -1 0 7264 -1 -1 -1 -1
103.130 3748 8265 8086 3754 3754 3754 3754 3754 -1 0 7264 -1 -1 -1 -1
103.411 3748 8265 8086 3754 3754 3754 3754 3754 -1 0 7264 -1 -1 -1 -1
104.042 3748 8265 8086 3754 3754 3754 3754 3754 -1 0 7264 -1 -1 -1 -1
104.905 3748 8265 8086 3754 3754 3754 3754 3754 -1 0 7264 -1 -1 -1 -1
105.567 3748 8265 8086 3754 3754 3754 3754 3754 -1 0 7264 -1 -1 -1 -1
106.157 3753 8265 8086 3754 3754 3754 3754 3754 -1 0 7264 -1 -1 -1 -1
106.401 3753 8265 8086 3754 3754 3754 3754 3754 -1 0 7264 -1 -1 -1 -1
106.667 3753 8265 8086 3754 3754 3754 3754 3754 -1 0 7248 -1 -1 -1 -1
127.054 3753 8295 8082 3754 3754 3754 3754 3754 -1 0 7248 -1 -1 -1 -1
127.875 3753 8295 8082 3754 3754 3754 3754 3754 -1 0 7248 -1 -1 -1 -1
128.527 3753 8295 8082 3754 3754 3754 3754 3754 -1 0 7264 -1 -1 -1 -1
129.785 3753 8295 8082 3754 3754 3754 3754 3754 -1 0 7264 -1 -1 -1 -1
130.328 3753 8295 8082 3754 3754 3754 3754 3754 -1 0 7264 -1 -1 -1 -1
130.900 3753 8295 8082 3754 3754 3754 3754 3754 -1 0 7248 -1 -1 -1 -1
132.098 3765 8295 8082 3754 3754 3754 3754 3754 -1 0 7248 -1 -1 -1 -1
132.591 3765 8295 8082 3754 3754 3754 3754 3754 -1 0 7248 -1 -1 -1 -1
151.633 3765 8295 8082 3754 3754 3754 3754 3754 -1 0 7232 -1 -1 -1 -1
152.965 3765 8261 8123 3754 3754 3754 3754 3754 -1 0 7232 -1 -1 -1 -1
153.532 3765 8261 8123 3754 3754 3754 3754 3754 -1 0 7232 -1 -1 -1 -1
156.101 3765 8261 8123 3754 3754 3754 3754 3754 -1 0 7248 -1 -1 -1 -1
157.589 3765 8261 8123 3754 3754 3754 3754 3754 -1 0 7248 -1 -1 -1 -1
158.120 3765 8261 8123 3754 3754 3754 3754 3754 -1 0 7248 -1 -1 -1 -1
175.545 3765 8261 8123 3754 3754 3754 3754 3754 -1 0 7232 -1 -1 -1 -1
176.200 3755 8261 8123 3754 3754 3754 3754 3754 -1 0 7232 -1 -1 -1 -1
176.445 3755 8261 8123 3754 3754 3754 3754 3754 -1 0 7232 -1 -1 -1 -1
176.707 3755 8261 8123 3754 3754 3754 3754 3754 -1 0 7248 -1 -1 -1 -1
177.225 3755 8280 8130 3754 3754 3754 3754 3754 -1 0 7248 -1 -1 -1 -1
177.439 3755 8280 8130 3754 3754 3754 3754 3754 -1 0 7248 -1 -1 -1 -1
202.750 3755 8280 8130 3754 3754 3754 3754 3754 -1 0 7232 -1 -1 -1 -1
205.908 3755 8280 8130 3754 3754 3754 3754 3754 -1 0 7232 -1 -1 -1 -1
206.485 3755 8280 8130 3754 3754 3754 3754 3754 -1 0 7232 -1 -1 -1 -1
207.096 3755 8280 8130 3754 3754 3754 3754 3754 -1 0 7232 -1 -1 -1 -1
208.343 3756 8280 8130 3754 3754 3754 3754 3754 -1 0 7232 -1 -1 -1 -1
208.833 3756 8280 8130 3754 3754 3754 3754 3754 -1 0 7232 -1 -1 -1 -1
209.407 3756 8280 8130 3754 3754 3754 3754 3754 -1 0 7232 -1 -1 -1 -1
210.219 3756 8279 8087 3754 3754 3754 3754 3754 -1 0 7232 -1 -1 -1 -1
210.470 3756 8279 8087 3754 3754 3754 3754 3754 -1 0 7232 -1 -1 -1 -1
215.634 3756 8279 8087 3754 3754 3754 3754 3754 -1 0 7232 -1 -1 -1 -1
