0.007 11962 8058 8892 3753 3753 3753 3753 3753 -1 32 11360 -1 -1 -1 -1
16.362 11962 8058 8892 3753 3753 3753 3753 3753 -1 32 11360 -1 -1 -1 -1
17.294 11962 8058 8892 3753 3753 3753 3753 3753 -1 32 11472 -1 -1 -1 -1
19.177 11785 8103 9076 3753 3753 3753 3753 3753 -1 32 11472 -1 -1 -1 -1
21.026 11785 8103 9076 3753 3753 3753 3753 3753 -1 64 11472 -1 -1 -1 -1
21.926 11785 8103 9076 3753 3753 3753 3753 3753 -1 64 11504 -1 -1 -1 -1
23.622 11785 8103 9076 3753 3753 3753 3753 3753 -1 64 11504 -1 -1 -1 -1
24.427 11785 8103 9076 3753 3753 3753 3753 3753 -1 32 11504 -1 -1 -1 -1
25.251 11785 8103 9076 3753 3753 3753 3753 3753 -1 32 11488 -1 -1 -1 -1
27.236 11785 8103 9076 3753 3753 3753 3753 3753 -1 32 11488 -1 -1 -1 -1
28.001 11785 8103 9076 3753 3753 3753 3753 3753 -1 0 11488 -1 -1 -1 -1
43.569 11785 8103 9076 3753 3753 3753 3753 3753 -1 0 11456 -1 -1 -1 -1
45.438 11765 8030 8928 3753 3753 3753 3753 3753 -1 0 11456 -1 -1 -1 -1
46.160 11765 8030 8928 3753 3753 3753 3753 3753 -1 0 11456 -1 -1 -1 -1
47.200 11765 8030 8928 3753 3753 3753 3753 3753 -1 0 11712 -1 -1 -1 -1
48.971 11765 8030 8928 3753 3753 3753 3753 3753 -1 0 11712 -1 -1 -1 -1
49.657 11765 8030 8928 3753 3753 3753 3753 3753 -1 0 11712 -1 -1 -1 -1
66.294 11765 8030 8928 3753 3753 3753 3753 3753 -1 0 11888 -1 -1 -1 -1
68.545 11765 8030 8928 3753 3753 3753 3753 3753 -1 0 11888 -1 -1 -1 -1
69.306 11765 8030 8928 3753 3753 3753 3753 3753 -1 0 11888 -1 -1 -1 -1
71.379 11765 8030 8928 3753 3753 3753 3753 3753 -1 0 11968 -1 -1 -1 -1
73.194 11792 8048 9095 3753 3753 3753 3753 3753 -1 0 11968 -1 -1 -1 -1
73.895 11792 8048 9095 3753 3753 3753 3753 3753 -1 0 11968 -1 -1 -1 -1
74.685 11792 8048 9095 3753 3753 3753 3753 3753 -1 0 12000 -1 -1 -1 -1
76.571 11792 8048 9095 3753 3753 3753 3753 3753 -1 0 12000 -1 -1 -1 -1
90.215 11792 8048 9095 3753 3753 3753 3753 3753 -1 0 12000 -1 -1 -1 -1
90.670 11792 8048 9095 3753 3753 3753 3753 3753 -1 0 12032 -1 -1 -1 -1
91.482 11792 8048 9095 3753 3753 3753 3753 3753 -1 0 12032 -1 -1 -1 -1
91.861 11792 8048 9095 3753 3753 3753 3753 3753 -1 0 12032 -1 -1 -1 -1
92.261 11792 8048 9095 3753 3753 3753 3753 3753 -1 0 12048 -1 -1 -1 -1
93.058 11652 8077 9069 3753 3753 3753 3753 3753 -1 0 12048 -1 -1 -1 -1
93.397 11652 8077 9069 3753 3753 3753 3753 3753 -1 0 12048 -1 -1 -1 -1
118.648 11652 8077 9069 3753 3753 3753 3753 3753 -1 0 12032 -1 -1 -1 -1
121.423 11652 8077 9069 3753 3753 3753 3753 3753 -1 0 12032 -1 -1 -1 -1
122.143 11652 8077 9069 3753 3753 3753 3753 3753 -1 0 12032 -1 -1 -1 -1
122.937 11652 8077 9069 3753 3753 3753 3753 3753 -1 0 11968 -1 -1 -1 -1
124.547 11652 8077 9069 3753 3753 3753 3753 3753 -1 0 11968 -1 -1 -1 -1
125.259 11652 8077 9069 3753 3753 3753 3753 3753 -1 0 11968 -1 -1 -1 -1
126.000 11652 8077 9069 3753 3753 3753 3753 3753 -1 0 11824 -1 -1 -1 -1
126.904 12339 8033 8776 3753 3753 3753 3753 3753 -1 0 11824 -1 -1 -1 -1
127.270 12339 8033 8776 3753 3753 3753 3753 3753 -1 0 11824 -1 -1 -1 -1
140.298 12339 8033 8776 3753 3753 3753 3753 3753 -1 0 11712 -1 -1 -1 -1
142.271 12339 8033 8776 3753 3753 3753 3753 3753 -1 0 11712 -1 -1 -1 -1
143.135 12339 8033 8776 3753 3753 3753 3753 3753 -1 0 11712 -1 -1 -1 -1
144.029 12339 8033 8776 3753 3753 3753 3753 3753 -1 0 11616 -1 -1 -1 -1
145.722 12339 8033 8776 3753 3753 3753 3753 3753 -1 0 11616 -1 -1 -1 -1
146.470 12339 8033 8776 3753 3753 3753 3753 3753 -1 0 11616 -1 -1 -1 -1
165.330 12339 8033 8776 3753 3753 3753 3753 3753 -1 0 11552 -1 -1 -1 -1
167.986 11811 8061 8993 3753 3753 3753 3753 3753 -1 0 11552 -1 -1 -1 -1
168.764 11811 8061 8993 3753 3753 3753 3753 3753 -1 0 11552 -1 -1 -1 -1
169.240 11811 8061 8993 3753 3753 3753 3753 3753 -1 0 11520 -1 -1 -1 -1
171.350 11811 8061 8993 3753 3753 3753 3753 3753 -1 0 11520 -1 -1 -1 -1
171.693 11811 8061 8993 3753 3753 3753 3753 3753 -1 0 11520 -1 -1 -1 -1
172.099 11811 8061 8993 3753 3753 3753 3753 3753 -1 0 11520 -1 -1 -1 -1
172.828 11811 8061 8993 3753 3753 3753 3753 3753 -1 0 11520 -1 -1 -1 -1
173.215 11811 8061 8993 3753 3753 3753 3753 3753 -1 0 11520 -1 -1 -1 -1
194.087 11811 8061 8993 3753 3753 3753 3753 3753 -1 0 11504 -1 -1 -1 -1
195.952 11975 8061 8941 3753 3753 3753 3753 3753 -1 0 11504 -1 -1 -1 -1
196.875 11975 8061 8941 3753 3753 3753 3753 3753 -1 0 11504 -1 -1 -1 -1
197.775 11975 8061 8941 3753 3753 3753 3753 3753 -1 0 11488 -1 -1 -1 -1
199.541 11975 8040 8941 3753 3753 3753 3753 3753 -1 0 11488 -1 -1 -1 -1
211.228 11975 8040 8941 3753 3753 3753 3753 3753 -1 0 11488 -1 -1 -1 -1
