0.008 3777 8307 7982 11960 11960 11960 11960 11960 -1 0 6784 -1 -1 -1 -1
3.324 3777 8307 7982 11960 11960 11960 11960 11960 -1 0 6784 -1 -1 -1 -1
4.992 3777 8307 7982 11960 11960 11960 11960 11960 -1 0 6784 -1 -1 -1 -1
6.908 3759 8307 8020 11960 11960 11960 11960 11960 -1 0 6784 -1 -1 -1 -1
7.586 3759 8307 8020 11960 11960 11960 11960 11960 -1 0 6784 -1 -1 -1 -1
8.335 3759 8307 8020 11960 11960 11960 11960 11960 -1 0 6768 -1 -1 -1 -1
8.993 3759 8214 8020 11960 11960 11960 11960 11960 -1 0 6768 -1 -1 -1 -1
9.247 3759 8214 8020 11960 11960 11960 11960 11960 -1 0 6768 -1 -1 -1 -1
9.503 3759 8214 8020 11960 11960 11960 11960 11960 -1 0 6768 -1 -1 -1 -1
10.215 3759 8214 8020 11960 11960 11960 11960 11960 -1 0 6768 -1 -1 -1 -1
26.376 3759 8214 8020 11960 11960 11960 11960 11960 -1 0 6768 -1 -1 -1 -1
27.086 3759 8214 8020 11960 11960 11960 11960 11960 -1 0 6784 -1 -1 -1 -1
27.670 3752 8214 8083 11960 11960 11960 11960 11960 -1 0 6784 -1 -1 -1 -1
27.944 3752 8214 8083 11960 11960 11960 11960 11960 -1 0 6784 -1 -1 -1 -1
29.927 3752 8214 8083 11960 11960 11960 11960 11960 -1 0 6768 -1 -1 -1 -1
31.366 3752 8285 8083 11960 11960 11960 11960 11960 -1 0 6768 -1 -1 -1 -1
32.568 3752 8285 8083 11960 11960 11960 11960 11960 -1 0 6768 -1 -1 -1 -1
55.575 3752 8285 8083 11960 11960 11960 11960 11960 -1 0 6768 -1 -1 -1 -1
56.274 3752 8285 8083 11960 11960 11960 11960 11960 -1 0 6768 -1 -1 -1 -1
57.583 3752 8285 8083 11960 11960 11960 11960 11960 -1 0 6768 -1 -1 -1 -1
58.495 3752 8285 8083 11960 11960 11960 11960 11960 -1 0 6784 -1 -1 -1 -1
59.810 3779 8285 7997 11960 11960 11960 11960 11960 -1 0 6784 -1 -1 -1 -1
60.555 3779 8285 7997 11960 11960 11960 11960 11960 -1 0 6784 -1 -1 -1 -1
60.922 3779 8285 7997 11960 11960 11960 11960 11960 -1 0 6784 -1 -1 -1 -1
61.466 3779 8249 7997 11960 11960 11960 11960 11960 -1 0 6784 -1 -1 -1 -1
61.711 3779 8249 7997 11960 11960 11960 11960 11960 -1 0 6784 -1 -1 -1 -1
75.389 3779 8249 7997 11960 11960 11960 11960 11960 -1 0 6768 -1 -1 -1 -1
75.976 3779 8249 7997 11960 11960 11960 11960 11960 -1 0 6768 -1 -1 -1 -1
76.296 3779 8249 7997 11960 11960 11960 11960 11960 -1 0 6768 -1 -1 -1 -1
77.958 3779 8249 7997 11960 11960 11960 11960 11960 -1 0 6768 -1 -1 -1 -1
79.265 3758 8249 7986 11960 11960 11960 11960 11960 -1 0 6768 -1 -1 -1 -1
79.834 3758 8249 7986 11960 11960 11960 11960 11960 -1 0 6768 -1 -1 -1 -1
106.010 3758 8249 7986 11960 11960 11960 11960 11960 -1 0 6768 -1 -1 -1 -1
108.052 3758 8302 7986 11960 11960 11960 11960 11960 -1 0 6768 -1 -1 -1 -1
108.796 3758 8302 7986 11960 11960 11960 11960 11960 -1 0 6768 -1 -1 -1 -1
109.563 3758 8302 7986 11960 11960 11960 11960 11960 -1 0 6768 -1 -1 -1 -1
111.111 3758 8302 7986 11960 11960 11960 11960 11960 -1 0 6768 -1 -1 -1 -1
111.795 3758 8302 7986 11960 11960 11960 11960 11960 -1 0 6768 -1 -1 -1 -1
112.300 3758 8302 7986 11960 11960 11960 11960 11960 -1 0 6768 -1 -1 -1 -1
113.103 3748 8302 8072 11960 11960 11960 11960 11960 -1 0 6768 -1 -1 -1 -1
113.355 3748 8302 8072 11960 11960 11960 11960 11960 -1 0 6768 -1 -1 -1 -1
127.367 3748 8302 8072 11960 11960 11960 11960 11960 -1 0 6768 -1 -1 -1 -1
129.021 3748 8282 8072 11960 11960 11960 11960 11960 -1 0 6768 -1 -1 -1 -1
129.565 3748 8282 8072 11960 11960 11960 11960 11960 -1 0 6768 -1 -1 -1 -1
130.170 3748 8282 8072 11960 11960 11960 11960 11960 -1 0 6768 -1 -1 -1 -1
132.564 3748 8282 8072 11960 11960 11960 11960 11960 -1 0 6768 -1 -1 -1 -1
133.302 3748 8282 8072 11960 11960 11960 11960 11960 -1 0 6768 -1 -1 -1 -1
150.087 3748 8282 8072 11960 11960 11960 11960 11960 -1 0 6768 -1 -1 -1 -1
151.960 3755 8282 8054 11960 11960 11960 11960 11960 -1 0 6768 -1 -1 -1 -1
152.568 3755 8282 8054 11960 11960 11960 11960 11960 -1 0 6768 -1 -1 -1 -1
153.154 3755 8282 8054 11960 11960 11960 11960 11960 -1 0 6784 -1 -1 -1 -1
153.706 3755 8218 8054 11960 11960 11960 11960 11960 -1 0 6784 -1 -1 -1 -1
154.030 3755 8218 8054 11960 11960 11960 11960 11960 -1 0 6784 -1 -1 -1 -1
178.395 3755 8218 8054 11960 11960 11960 11960 11960 -1 0 6784 -1 -1 -1 -1
179.864 3755 8218 8054 11960 11960 11960 11960 11960 -1 0 6784 -1 -1 -1 -1
180.612 3755 8218 8054 11960 11960 11960 11960 11960 -1 0 6784 -1 -1 -1 -1
181.793 3755 8218 8054 11960 11960 11960 11960 11960 -1 0 6784 -1 -1 -1 -1
183.286 3780 8218 8035 11960 11960 11960 11960 11960 -1 0 6784 -1 -1 -1 -1
183.815 3780 8218 8035 11960 11960 11960 11960 11960 -1 0 6784 -1 -1 -1 -1
184.406 3780 8218 8035 11960 11960 11960 11960 11960 -1 0 6784 -1 -1 -1 -1
185.608 3780 8251 8035 11960 11960 11960 11960 11960 -1 0 6784 -1 -1 -1 -1
186.205 3780 8251 8035 11960 11960 11960 11960 11960 -1 0 6784 -1 -1 -1 -1
199.682 3780 8251 8035 11960 11960 11960 11960 11960 -1 0 6768 -1 -1 -1 -1
201.102 3780 8251 8035 11960 11960 11960 11960 11960 -1 0 6768 -1 -1 -1 -1
201.629 3780 8251 8035 11960 11960 11960 11960 11960 -1 0 6768 -1 -1 -1 -1
202.270 3780 8251 8035 11960 11960 11960 11960 11960 -1 0 6784 -1 -1 -1 -1
203.482 3790 8251 7997 11960 11960 11960 11960 11960 -1 0 6784 -1 -1 -1 -1
212.804 3790 8251 7997 11960 11960 11960 11960 11960 -1 0 6784 -1 -1 -1 -1
213.514 3790 8251 7997 11960 11960 11960 11960 11960 -1 0 6768 -1 -1 -1 -1
215.895 3790 8360 7997 11960 11960 11960 11960 11960 -1 0 6768 -1 -1 -1 -1
216.834 3790 8360 7997 11960 11960 11960 11960 11960 -1 0 6768 -1 -1 -1 -1
225.419 3790 8360 7997 11960 11960 11960 11960 11960 -1 0 6784 -1 -1 -1 -1
227.526 3790 8360 7997 11960 11960 11960 11960 11960 -1 0 6784 -1 -1 -1 -1
228.333 3790 8360 7997 11960 11960 11960 11960 11960 -1 0 6784 -1 -1 -1 -1
229.009 3790 8360 7997 11960 11960 11960 11960 11960 -1 0 6784 -1 -1 -1 -1
229.577 3777 8360 7962 11960 11960 11960 11960 11960 -1 0 6784 -1 -1 -1 -1
229.848 3777 8360 7962 11960 11960 11960 11960 11960 -1 0 6784 -1 -1 -1 -1
251.352 3777 8360 7962 11960 11960 11960 11960 11960 -1 0 6768 -1 -1 -1 -1
253.047 3777 8218 7962 11960 11960 11960 11960 11960 -1 0 6768 -1 -1 -1 -1
253.584 3777 8218 7962 11960 11960 11960 11960 11960 -1 0 6768 -1 -1 -1 -1
253.949 3777 8218 7962 11960 11960 11960 11960 11960 -1 0 6784 -1 -1 -1 -1
254.496 3777 8218 7962 11960 11960 11960 11960 11960 -1 0 6784 -1 -1 -1 -1
254.720 3777 8218 7962 11960 11960 11960 11960 11960 -1 0 6784 -1 -1 -1 -1
276.477 3777 8218 7962 11960 11960 11960 11960 11960 -1 0 6784 -1 -1 -1 -1
278.340 3756 8218 8068 11960 11960 11960 11960 11960 -1 0 6784 -1 -1 -1 -1
278.911 3756 8218 8068 11960 11960 11960 11960 11960 -1 0 6784 -1 -1 -1 -1
279.483 3756 8218 8068 11960 11960 11960 11960 11960 -1 0 6768 -1 -1 -1 -1
281.048 3756 8266 8068 11960 11960 11960 11960 11960 -1 0 6768 -1 -1 -1 -1
281.835 3756 8266 8068 11960 11960 11960 11960 11960 -1 0 6768 -1 -1 -1 -1
282.485 3756 8266 8068 11960 11960 11960 11960 11960 -1 0 6768 -1 -1 -1 -1
283.056 3756 8266 8068 11960 11960 11960 11960 11960 -1 0 6768 -1 -1 -1 -1
283.308 3756 8266 8068 11960 11960 11960 11960 11960 -1 0 6768 -1 -1 -1 -1
299.424 3756 8266 8068 11960 11960 11960 11960 11960 -1 0 6784 -1 -1 -1 -1
301.214 3753 8266 8068 11960 11960 11960 11960 11960 -1 0 6784 -1 -1 -1 -1
301.831 3753 8266 8068 11960 11960 11960 11960 11960 -1 0 6784 -1 -1 -1 -1
302.426 3753 8266 8068 11960 11960 11960 11960 11960 -1 0 6784 -1 -1 -1 -1
303.011 3753 8229 8071 11960 11960 11960 11960 11960 -1 0 6784 -1 -1 -1 -1
303.260 3753 8229 8071 11960 11960 11960 11960 11960 -1 0 6784 -1 -1 -1 -1
325.641 3753 8229 8071 11960 11960 11960 11960 11960 -1 0 6768 -1 -1 -1 -1
327.875 3753 8229 8071 11960 11960 11960 11960 11960 -1 0 6768 -1 -1 -1 -1
328.536 3753 8229 8071 11960 11960 11960 11960 11960 -1 0 6768 -1 -1 -1 -1
329.419 3753 8229 8071 11960 11960 11960 11960 11960 -1 0 6784 -1 -1 -1 -1
330.093 3766 8229 8071 11960 11960 11960 11960 11960 -1 0 6784 -1 -1 -1 -1
330.360 3766 8229 8071 11960 11960 11960 11960 11960 -1 0 6784 -1 -1 -1 -1
330.644 3766 8229 8071 11960 11960 11960 11960 11960 -1 0 6768 -1 -1 -1 -1
332.540 3766 8288 7980 11960 11960 11960 11960 11960 -1 0 6768 -1 -1 -1 -1
332.857 3766 8288 7980 11960 11960 11960 11960 11960 -1 0 6768 -1 -1 -1 -1
354.674 3766 8288 7980 11960 11960 11960 11960 11960 -1 0 6784 -1 -1 -1 -1
356.161 3766 8288 7980 11960 11960 11960 11960 11960 -1 0 6784 -1 -1 -1 -1
357.239 3766 8288 7980 11960 11960 11960 11960 11960 -1 0 6784 -1 -1 -1 -1
357.900 3766 8288 7980 11960 11960 11960 11960 11960 -1 0 6784 -1 -1 -1 -1
358.475 3763 8288 7980 11960 11960 11960 11960 11960 -1 0 6784 -1 -1 -1 -1
358.706 3763 8288 7980 11960 11960 11960 11960 11960 -1 0 6784 -1 -1 -1 -1
359.030 3763 8288 7980 11960 11960 11960 11960 11960 -1 0 6784 -1 -1 -1 -1
364.396 3763 8285 7984 11960 11960 11960 11960 11960 -1 0 6784 -1 -1 -1 -1
