0.007 3819 8258 8080 11960 11960 11960 11960 11960 -1 0 7104 -1 -1 -1 -1
13.498 3819 8258 8080 11960 11960 11960 11960 11960 -1 0 7104 -1 -1 -1 -1
14.410 3819 8258 8080 11960 11960 11960 11960 11960 -1 0 7104 -1 -1 -1 -1
14.990 3819 8258 8080 11960 11960 11960 11960 11960 -1 0 7088 -1 -1 -1 -1
16.454 3741 8258 8061 11960 11960 11960 11960 11960 -1 0 7088 -1 -1 -1 -1
16.740 3741 8258 8061 11960 11960 11960 11960 11960 -1 0 7088 -1 -1 -1 -1
17.010 3741 8258 8061 11960 11960 11960 11960 11960 -1 0 7104 -1 -1 -1 -1
21.628 3741 8282 8061 11960 11960 11960 11960 11960 -1 0 7104 -1 -1 -1 -1
22.309 3741 8282 8061 11960 11960 11960 11960 11960 -1 0 7104 -1 -1 -1 -1
23.141 3741 8282 8061 11960 11960 11960 11960 11960 -1 0 7104 -1 -1 -1 -1
39.601 3741 8282 8061 11960 11960 11960 11960 11960 -1 0 7104 -1 -1 -1 -1
40.758 3741 8282 8061 11960 11960 11960 11960 11960 -1 0 7104 -1 -1 -1 -1
41.472 3741 8282 8061 11960 11960 11960 11960 11960 -1 0 7104 -1 -1 -1 -1
44.450 3713 8289 8048 11960 11960 11960 11960 11960 -1 0 7104 -1 -1 -1 -1
45.023 3713 8289 8048 11960 11960 11960 11960 11960 -1 0 7104 -1 -1 -1 -1
45.624 3713 8289 8048 11960 11960 11960 11960 11960 -1 0 7104 -1 -1 -1 -1
46.240 3713 8289 8048 11960 11960 11960 11960 11960 -1 0 7104 -1 -1 -1 -1
46.496 3713 8289 8048 11960 11960 11960 11960 11960 -1 0 7104 -1 -1 -1 -1
64.697 3713 8289 8048 11960 11960 11960 11960 11960 -1 0 7104 -1 -1 -1 -1
66.268 3713 8289 8048 11960 11960 11960 11960 11960 -1 0 7104 -1 -1 -1 -1
66.808 3713 8289 8048 11960 11960 11960 11960 11960 -1 0 7104 -1 -1 -1 -1
67.433 3713 8289 8048 11960 11960 11960 11960 11960 -1 0 7088 -1 -1 -1 -1
69.176 3792 8278 8037 11960 11960 11960 11960 11960 -1 0 7088 -1 -1 -1 -1
69.466 3792 8278 8037 11960 11960 11960 11960 11960 -1 0 7088 -1 -1 -1 -1
69.740 3792 8278 8037 11960 11960 11960 11960 11960 -1 0 7104 -1 -1 -1 -1
88.632 3792 8278 8037 11960 11960 11960 11960 11960 -1 0 7104 -1 -1 -1 -1
89.287 3792 8278 8037 11960 11960 11960 11960 11960 -1 0 7104 -1 -1 -1 -1
89.866 3792 8278 8037 11960 11960 11960 11960 11960 -1 0 7104 -1 -1 -1 -1
91.563 3792 8278 8037 11960 11960 11960 11960 11960 -1 0 7104 -1 -1 -1 -1
92.097 3792 8278 8037 11960 11960 11960 11960 11960 -1 0 7104 -1 -1 -1 -1
93.968 3792 8278 8037 11960 11960 11960 11960 11960 -1 0 7104 -1 -1 -1 -1
94.592 3777 8288 8090 11960 11960 11960 11960 11960 -1 0 7104 -1 -1 -1 -1
94.838 3777 8288 8090 11960 11960 11960 11960 11960 -1 0 7104 -1 -1 -1 -1
115.127 3777 8288 8090 11960 11960 11960 11960 11960 -1 0 7104 -1 -1 -1 -1
116.332 3777 8288 8090 11960 11960 11960 11960 11960 -1 0 7104 -1 -1 -1 -1
116.762 3777 8288 8090 11960 11960 11960 11960 11960 -1 0 7104 -1 -1 -1 -1
117.065 3777 8288 8090 11960 11960 11960 11960 11960 -1 0 7104 -1 -1 -1 -1
117.668 3777 8288 8090 11960 11960 11960 11960 11960 -1 0 7104 -1 -1 -1 -1
139.493 3777 8288 8090 11960 11960 11960 11960 11960 -1 0 7104 -1 -1 -1 -1
139.842 3777 8288 8090 11960 11960 11960 11960 11960 -1 0 7104 -1 -1 -1 -1
140.488 3729 8283 8080 11960 11960 11960 11960 11960 -1 0 7104 -1 -1 -1 -1
140.808 3729 8283 8080 11960 11960 11960 11960 11960 -1 0 7104 -1 -1 -1 -1
141.096 3729 8283 8080 11960 11960 11960 11960 11960 -1 0 7088 -1 -1 -1 -1
141.938 3729 8283 8080 11960 11960 11960 11960 11960 -1 0 7088 -1 -1 -1 -1
142.208 3729 8283 8080 11960 11960 11960 11960 11960 -1 0 7088 -1 -1 -1 -1
144.735 3729 8283 8080 11960 11960 11960 11960 11960 -1 0 7104 -1 -1 -1 -1
164.649 3729 8283 8080 11960 11960 11960 11960 11960 -1 0 7104 -1 -1 -1 -1
165.418 3729 8283 8080 11960 11960 11960 11960 11960 -1 0 7104 -1 -1 -1 -1
166.073 3729 8283 8080 11960 11960 11960 11960 11960 -1 0 7104 -1 -1 -1 -1
167.670 3782 8276 8054 11960 11960 11960 11960 11960 -1 0 7104 -1 -1 -1 -1
168.232 3782 8276 8054 11960 11960 11960 11960 11960 -1 0 7104 -1 -1 -1 -1
168.795 3782 8276 8054 11960 11960 11960 11960 11960 -1 0 7104 -1 -1 -1 -1
170.077 3782 8276 8054 11960 11960 11960 11960 11960 -1 0 7104 -1 -1 -1 -1
188.682 3782 8276 8054 11960 11960 11960 11960 11960 -1 0 7104 -1 -1 -1 -1
189.624 3782 8276 8054 11960 11960 11960 11960 11960 -1 0 7104 -1 -1 -1 -1
191.415 3782 8276 8054 11960 11960 11960 11960 11960 -1 0 7104 -1 -1 -1 -1
192.198 3782 8276 8054 11960 11960 11960 11960 11960 -1 0 7104 -1 -1 -1 -1
194.006 3782 8276 8054 11960 11960 11960 11960 11960 -1 0 7104 -1 -1 -1 -1
194.937 3787 8300 8047 11960 11960 11960 11960 11960 -1 0 7104 -1 -1 -1 -1
195.252 3787 8300 8047 11960 11960 11960 11960 11960 -1 0 7104 -1 -1 -1 -1
195.533 3787 8300 8047 11960 11960 11960 11960 11960 -1 0 7104 -1 -1 -1 -1
196.028 3787 8300 8047 11960 11960 11960 11960 11960 -1 0 7104 -1 -1 -1 -1
216.900 3787 8300 8047 11960 11960 11960 11960 11960 -1 0 7104 -1 -1 -1 -1
217.804 3787 8300 8047 11960 11960 11960 11960 11960 -1 0 7104 -1 -1 -1 -1
219.278 3787 8300 8047 11960 11960 11960 11960 11960 -1 0 7104 -1 -1 -1 -1
219.854 3787 8300 8047 11960 11960 11960 11960 11960 -1 0 7104 -1 -1 -1 -1
220.636 3787 8300 8047 11960 11960 11960 11960 11960 -1 0 7104 -1 -1 -1 -1
221.970 3743 8281 8074 11960 11960 11960 11960 11960 -1 0 7104 -1 -1 -1 -1
222.799 3743 8281 8074 11960 11960 11960 11960 11960 -1 0 7104 -1 -1 -1 -1
223.530 3743 8281 8074 11960 11960 11960 11960 11960 -1 0 7104 -1 -1 -1 -1
224.574 3743 8281 8074 11960 11960 11960 11960 11960 -1 0 7104 -1 -1 -1 -1
