0.009 3760 8226 8070 11960 11960 11960 11960 11960 -1 0 8624 -1 -1 -1 -1
12.228 3760 8226 8070 11960 11960 11960 11960 11960 -1 0 8624 -1 -1 -1 -1
12.842 3756 8234 8081 11960 11960 11960 11960 11960 -1 0 8624 -1 -1 -1 -1
13.290 3756 8234 8081 11960 11960 11960 11960 11960 -1 0 8624 -1 -1 -1 -1
14.583 3756 8234 8081 11960 11960 11960 11960 11960 -1 0 8608 -1 -1 -1 -1
15.919 3756 8234 8081 11960 11960 11960 11960 11960 -1 0 8608 -1 -1 -1 -1
16.481 3756 8234 8081 11960 11960 11960 11960 11960 -1 0 8608 -1 -1 -1 -1
17.079 3756 8234 8081 11960 11960 11960 11960 11960 -1 0 8592 -1 -1 -1 -1
18.689 3756 8234 8081 11960 11960 11960 11960 11960 -1 0 8592 -1 -1 -1 -1
19.228 3756 8234 8081 11960 11960 11960 11960 11960 -1 0 8592 -1 -1 -1 -1
24.045 3756 8234 8081 11960 11960 11960 11960 11960 -1 0 8624 -1 -1 -1 -1
25.666 3763 8240 8081 11960 11960 11960 11960 11960 -1 0 8624 -1 -1 -1 -1
26.297 3763 8240 8081 11960 11960 11960 11960 11960 -1 0 8624 -1 -1 -1 -1
28.288 3763 8240 8081 11960 11960 11960 11960 11960 -1 0 8592 -1 -1 -1 -1
29.782 3763 8240 8081 11960 11960 11960 11960 11960 -1 0 8592 -1 -1 -1 -1
30.298 3763 8240 8081 11960 11960 11960 11960 11960 -1 0 8592 -1 -1 -1 -1
30.911 3763 8240 8081 11960 11960 11960 11960 11960 -1 0 8624 -1 -1 -1 -1
31.510 3763 8240 8081 11960 11960 11960 11960 11960 -1 0 8624 -1 -1 -1 -1
31.789 3763 8240 8081 11960 11960 11960 11960 11960 -1 0 8624 -1 -1 -1 -1
41.694 3763 8240 8081 11960 11960 11960 11960 11960 -1 0 8624 -1 -1 -1 -1
43.228 3762 8237 8065 11960 11960 11960 11960 11960 -1 0 8624 -1 -1 -1 -1
44.098 3762 8237 8065 11960 11960 11960 11960 11960 -1 0 8624 -1 -1 -1 -1
47.233 3762 8237 8065 11960 11960 11960 11960 11960 -1 0 8624 -1 -1 -1 -1
49.476 3762 8237 8065 11960 11960 11960 11960 11960 -1 0 8624 -1 -1 -1 -1
50.070 3762 8237 8065 11960 11960 11960 11960 11960 -1 0 8624 -1 -1 -1 -1
67.057 3762 8237 8065 11960 11960 11960 11960 11960 -1 0 8624 -1 -1 -1 -1
69.278 3762 8237 8065 11960 11960 11960 11960 11960 -1 0 8624 -1 -1 -1 -1
70.023 3762 8237 8065 11960 11960 11960 11960 11960 -1 0 8624 -1 -1 -1 -1
70.670 3762 8237 8065 11960 11960 11960 11960 11960 -1 0 8624 -1 -1 -1 -1
71.328 3747 8227 8076 11960 11960 11960 11960 11960 -1 0 8624 -1 -1 -1 -1
71.844 3747 8227 8076 11960 11960 11960 11960 11960 -1 0 8624 -1 -1 -1 -1
75.742 3747 8227 8076 11960 11960 11960 11960 11960 -1 0 8624 -1 -1 -1 -1
76.325 3747 8227 8076 11960 11960 11960 11960 11960 -1 0 8624 -1 -1 -1 -1
76.604 3747 8227 8076 11960 11960 11960 11960 11960 -1 0 8624 -1 -1 -1 -1
92.086 3747 8227 8076 11960 11960 11960 11960 11960 -1 0 8624 -1 -1 -1 -1
94.584 3747 8227 8076 11960 11960 11960 11960 11960 -1 0 8624 -1 -1 -1 -1
95.424 3747 8227 8076 11960 11960 11960 11960 11960 -1 0 8624 -1 -1 -1 -1
96.006 3747 8227 8076 11960 11960 11960 11960 11960 -1 0 8608 -1 -1 -1 -1
96.600 3756 8227 8070 11960 11960 11960 11960 11960 -1 0 8608 -1 -1 -1 -1
96.842 3756 8227 8070 11960 11960 11960 11960 11960 -1 0 8608 -1 -1 -1 -1
116.531 3756 8227 8070 11960 11960 11960 11960 11960 -1 0 8592 -1 -1 -1 -1
117.272 3756 8233 8070 11960 11960 11960 11960 11960 -1 0 8592 -1 -1 -1 -1
117.734 3756 8233 8070 11960 11960 11960 11960 11960 -1 0 8592 -1 -1 -1 -1
118.478 3756 8233 8070 11960 11960 11960 11960 11960 -1 0 8624 -1 -1 -1 -1
119.064 3756 8233 8070 11960 11960 11960 11960 11960 -1 0 8624 -1 -1 -1 -1
119.299 3756 8233 8070 11960 11960 11960 11960 11960 -1 0 8624 -1 -1 -1 -1
142.111 3756 8233 8070 11960 11960 11960 11960 11960 -1 0 8624 -1 -1 -1 -1
144.252 3762 8233 8076 11960 11960 11960 11960 11960 -1 0 8624 -1 -1 -1 -1
145.363 3762 8233 8076 11960 11960 11960 11960 11960 -1 0 8624 -1 -1 -1 -1
146.415 3762 8233 8076 11960 11960 11960 11960 11960 -1 0 8624 -1 -1 -1 -1
148.076 3762 8238 8076 11960 11960 11960 11960 11960 -1 0 8624 -1 -1 -1 -1
148.769 3762 8238 8076 11960 11960 11960 11960 11960 -1 0 8624 -1 -1 -1 -1
149.389 3762 8238 8076 11960 11960 11960 11960 11960 -1 0 8608 -1 -1 -1 -1
150.005 3762 8238 8076 11960 11960 11960 11960 11960 -1 0 8608 -1 -1 -1 -1
169.072 3762 8238 8076 11960 11960 11960 11960 11960 -1 0 8608 -1 -1 -1 -1
169.815 3762 8238 8076 11960 11960 11960 11960 11960 -1 0 8608 -1 -1 -1 -1
171.338 3760 8238 8075 11960 11960 11960 11960 11960 -1 0 8608 -1 -1 -1 -1
171.872 3760 8238 8075 11960 11960 11960 11960 11960 -1 0 8608 -1 -1 -1 -1
172.437 3760 8238 8075 11960 11960 11960 11960 11960 -1 0 8608 -1 -1 -1 -1
173.723 3760 8240 8075 11960 11960 11960 11960 11960 -1 0 8608 -1 -1 -1 -1
174.241 3760 8240 8075 11960 11960 11960 11960 11960 -1 0 8608 -1 -1 -1 -1
191.541 3760 8240 8075 11960 11960 11960 11960 11960 -1 0 8608 -1 -1 -1 -1
193.210 3760 8240 8075 11960 11960 11960 11960 11960 -1 0 8608 -1 -1 -1 -1
195.291 3760 8240 8075 11960 11960 11960 11960 11960 -1 0 8608 -1 -1 -1 -1
195.949 3760 8240 8075 11960 11960 11960 11960 11960 -1 0 8592 -1 -1 -1 -1
196.581 3766 8240 8080 11960 11960 11960 11960 11960 -1 0 8592 -1 -1 -1 -1
196.878 3766 8240 8080 11960 11960 11960 11960 11960 -1 0 8592 -1 -1 -1 -1
197.150 3766 8240 8080 11960 11960 11960 11960 11960 -1 0 8624 -1 -1 -1 -1
197.928 3766 8231 8080 11960 11960 11960 11960 11960 -1 0 8624 -1 -1 -1 -1
198.199 3766 8231 8080 11960 11960 11960 11960 11960 -1 0 8624 -1 -1 -1 -1
216.092 3766 8231 8080 11960 11960 11960 11960 11960 -1 0 8592 -1 -1 -1 -1
218.170 3766 8231 8080 11960 11960 11960 11960 11960 -1 0 8592 -1 -1 -1 -1
218.813 3766 8231 8080 11960 11960 11960 11960 11960 -1 0 8592 -1 -1 -1 -1
219.542 3766 8231 8080 11960 11960 11960 11960 11960 -1 0 8624 -1 -1 -1 -1
220.172 3759 8231 8069 11960 11960 11960 11960 11960 -1 0 8624 -1 -1 -1 -1
220.414 3759 8231 8069 11960 11960 11960 11960 11960 -1 0 8624 -1 -1 -1 -1
231.958 3759 8231 8069 11960 11960 11960 11960 11960 -1 0 8624 -1 -1 -1 -1
233.420 3759 8233 8069 11960 11960 11960 11960 11960 -1 0 8624 -1 -1 -1 -1
233.992 3759 8233 8069 11960 11960 11960 11960 11960 -1 0 8624 -1 -1 -1 -1
243.171 3759 8233 8069 11960 11960 11960 11960 11960 -1 0 8624 -1 -1 -1 -1
245.977 3759 8233 8069 11960 11960 11960 11960 11960 -1 0 8624 -1 -1 -1 -1
246.580 3759 8233 8069 11960 11960 11960 11960 11960 -1 0 8624 -1 -1 -1 -1
247.279 3759 8233 8069 11960 11960 11960 11960 11960 -1 0 8624 -1 -1 -1 -1
248.119 3754 8233 8072 11960 11960 11960 11960 11960 -1 0 8624 -1 -1 -1 -1
248.383 3754 8233 8072 11960 11960 11960 11960 11960 -1 0 8624 -1 -1 -1 -1
267.311 3754 8233 8072 11960 11960 11960 11960 11960 -1 0 8624 -1 -1 -1 -1
268.194 3754 8233 8072 11960 11960 11960 11960 11960 -1 0 8624 -1 -1 -1 -1
268.448 3754 8233 8072 11960 11960 11960 11960 11960 -1 0 8624 -1 -1 -1 -1
269.674 3754 8233 8072 11960 11960 11960 11960 11960 -1 0 8624 -1 -1 -1 -1
270.966 3754 8233 8072 11960 11960 11960 11960 11960 -1 0 8624 -1 -1 -1 -1
271.506 3754 8233 8072 11960 11960 11960 11960 11960 -1 0 8624 -1 -1 -1 -1
295.016 3754 8233 8072 11960 11960 11960 11960 11960 -1 0 8624 -1 -1 -1 -1
296.534 3755 8233 8082 11960 11960 11960 11960 11960 -1 0 8624 -1 -1 -1 -1
297.203 3755 8233 8082 11960 11960 11960 11960 11960 -1 0 8624 -1 -1 -1 -1
298.107 3755 8233 8082 11960 11960 11960 11960 11960 -1 0 8624 -1 -1 -1 -1
299.490 3755 8232 8082 11960 11960 11960 11960 11960 -1 0 8624 -1 -1 -1 -1
300.033 3755 8232 8082 11960 11960 11960 11960 11960 -1 0 8624 -1 -1 -1 -1
300.638 3755 8232 8082 11960 11960 11960 11960 11960 -1 0 8608 -1 -1 -1 -1
301.904 3755 8232 8082 11960 11960 11960 11960 11960 -1 0 8608 -1 -1 -1 -1
302.417 3755 8232 8082 11960 11960 11960 11960 11960 -1 0 8608 -1 -1 -1 -1
316.135 3755 8232 8082 11960 11960 11960 11960 11960 -1 0 8624 -1 -1 -1 -1
317.942 3755 8232 8076 11960 11960 11960 11960 11960 -1 0 8624 -1 -1 -1 -1
318.618 3755 8232 8076 11960 11960 11960 11960 11960 -1 0 8624 -1 -1 -1 -1
319.413 3755 8232 8076 11960 11960 11960 11960 11960 -1 0 8608 -1 -1 -1 -1
320.025 3755 8237 8076 11960 11960 11960 11960 11960 -1 0 8608 -1 -1 -1 -1
320.267 3755 8237 8076 11960 11960 11960 11960 11960 -1 0 8608 -1 -1 -1 -1
333.859 3755 8237 8076 11960 11960 11960 11960 11960 -1 0 8624 -1 -1 -1 -1
