0.009 11976 8031 8625 11940 11940 11940 11940 11940 -1 0 10352 -1 -1 -1 -1
17.489 11976 8031 8625 11940 11940 11940 11940 11940 -1 0 10352 -1 -1 -1 -1
18.030 11976 8031 8625 11940 11940 11940 11940 11940 -1 0 10352 -1 -1 -1 -1
18.558 11976 8031 8625 11940 11940 11940 11940 11940 -1 0 10352 -1 -1 -1 -1
19.725 11976 8031 8625 11940 11940 11940 11940 11940 -1 0 10352 -1 -1 -1 -1
20.420 11976 8031 8625 11940 11940 11940 11940 11940 -1 160 10352 -1 -1 -1 -1
21.164 11976 8031 8625 11940 11940 11940 11940 11940 -1 160 10336 -1 -1 -1 -1
44.803 11935 8031 8625 11940 11940 11940 11940 11940 -1 160 10336 -1 -1 -1 -1
45.438 11935 8031 8625 11940 11940 11940 11940 11940 -1 0 10336 -1 -1 -1 -1
46.030 11935 8031 8625 11940 11940 11940 11940 11940 -1 0 10352 -1 -1 -1 -1
47.636 11935 8025 8612 11940 11940 11940 11940 11940 -1 0 10352 -1 -1 -1 -1
48.184 11935 8025 8612 11940 11940 11940 11940 11940 -1 0 10352 -1 -1 -1 -1
48.782 11935 8025 8612 11940 11940 11940 11940 11940 -1 0 10352 -1 -1 -1 -1
50.042 11935 8025 8612 11940 11940 11940 11940 11940 -1 0 10352 -1 -1 -1 -1
50.865 11935 8025 8612 11940 11940 11940 11940 11940 -1 0 10352 -1 -1 -1 -1
51.456 11935 8025 8612 11940 11940 11940 11940 11940 -1 0 10352 -1 -1 -1 -1
67.433 11973 8025 8612 11940 11940 11940 11940 11940 -1 0 10352 -1 -1 -1 -1
68.140 11973 8025 8612 11940 11940 11940 11940 11940 -1 0 10352 -1 -1 -1 -1
70.032 11973 8025 8612 11940 11940 11940 11940 11940 -1 0 10352 -1 -1 -1 -1
70.938 11973 8036 8618 11940 11940 11940 11940 11940 -1 0 10352 -1 -1 -1 -1
71.187 11973 8036 8618 11940 11940 11940 11940 11940 -1 0 10352 -1 -1 -1 -1
71.444 11973 8036 8618 11940 11940 11940 11940 11940 -1 0 10368 -1 -1 -1 -1
108.056 11973 8036 8618 11940 11940 11940 11940 11940 -1 0 10368 -1 -1 -1 -1
108.608 11973 8036 8618 11940 11940 11940 11940 11940 -1 0 10368 -1 -1 -1 -1
109.427 11973 8036 8618 11940 11940 11940 11940 11940 -1 0 10352 -1 -1 -1 -1
111.315 11958 8036 8618 11940 11940 11940 11940 11940 -1 0 10352 -1 -1 -1 -1
111.856 11958 8036 8618 11940 11940 11940 11940 11940 -1 0 10352 -1 -1 -1 -1
112.415 11958 8036 8618 11940 11940 11940 11940 11940 -1 0 10352 -1 -1 -1 -1
113.614 11958 8032 8614 11940 11940 11940 11940 11940 -1 0 10352 -1 -1 -1 -1
114.145 11958 8032 8614 11940 11940 11940 11940 11940 -1 0 10352 -1 -1 -1 -1
114.728 11958 8032 8614 11940 11940 11940 11940 11940 -1 0 10368 -1 -1 -1 -1
115.316 11958 8032 8614 11940 11940 11940 11940 11940 -1 0 10368 -1 -1 -1 -1
115.544 11958 8032 8614 11940 11940 11940 11940 11940 -1 0 10368 -1 -1 -1 -1
115.818 11958 8032 8614 11940 11940 11940 11940 11940 -1 0 10352 -1 -1 -1 -1
142.486 12044 8032 8614 11940 11940 11940 11940 11940 -1 0 10352 -1 -1 -1 -1
143.108 12044 8032 8614 11940 11940 11940 11940 11940 -1 0 10352 -1 -1 -1 -1
143.692 12044 8032 8614 11940 11940 11940 11940 11940 -1 0 10368 -1 -1 -1 -1
145.109 12044 8029 8610 11940 11940 11940 11940 11940 -1 0 10368 -1 -1 -1 -1
145.847 12044 8029 8610 11940 11940 11940 11940 11940 -1 0 10368 -1 -1 -1 -1
146.485 12044 8029 8610 11940 11940 11940 11940 11940 -1 0 10368 -1 -1 -1 -1
147.680 12044 8029 8610 11940 11940 11940 11940 11940 -1 0 10368 -1 -1 -1 -1
148.226 12044 8029 8610 11940 11940 11940 11940 11940 -1 0 10368 -1 -1 -1 -1
148.780 12044 8029 8610 11940 11940 11940 11940 11940 -1 0 10368 -1 -1 -1 -1
149.581 11947 8029 8610 11940 11940 11940 11940 11940 -1 0 10368 -1 -1 -1 -1
149.895 11947 8029 8610 11940 11940 11940 11940 11940 -1 0 10368 -1 -1 -1 -1
150.274 11947 8029 8610 11940 11940 11940 11940 11940 -1 0 10368 -1 -1 -1 -1
167.225 11947 8065 8628 11940 11940 11940 11940 11940 -1 0 10368 -1 -1 -1 -1
167.755 11947 8065 8628 11940 11940 11940 11940 11940 -1 0 10368 -1 -1 -1 -1
168.323 11947 8065 8628 11940 11940 11940 11940 11940 -1 0 10352 -1 -1 -1 -1
169.527 11947 8065 8628 11940 11940 11940 11940 11940 -1 0 10352 -1 -1 -1 -1
170.064 11947 8065 8628 11940 11940 11940 11940 11940 -1 0 10352 -1 -1 -1 -1
170.927 11947 8065 8628 11940 11940 11940 11940 11940 -1 0 10368 -1 -1 -1 -1
190.654 12038 8065 8628 11940 11940 11940 11940 11940 -1 0 10368 -1 -1 -1 -1
191.219 12038 8065 8628 11940 11940 11940 11940 11940 -1 0 10368 -1 -1 -1 -1
191.516 12038 8065 8628 11940 11940 11940 11940 11940 -1 0 10368 -1 -1 -1 -1
193.644 12038 8012 8583 11940 11940 11940 11940 11940 -1 0 10368 -1 -1 -1 -1
194.257 12038 8012 8583 11940 11940 11940 11940 11940 -1 0 10368 -1 -1 -1 -1
194.850 12038 8012 8583 11940 11940 11940 11940 11940 -1 0 10368 -1 -1 -1 -1
196.114 12038 8012 8583 11940 11940 11940 11940 11940 -1 0 10368 -1 -1 -1 -1
196.618 12038 8012 8583 11940 11940 11940 11940 11940 -1 0 10368 -1 -1 -1 -1
197.229 12038 8012 8583 11940 11940 11940 11940 11940 -1 0 10368 -1 -1 -1 -1
217.642 11827 8012 8583 11940 11940 11940 11940 11940 -1 0 10368 -1 -1 -1 -1
218.201 11827 8012 8583 11940 11940 11940 11940 11940 -1 0 10368 -1 -1 -1 -1
218.777 11827 8012 8583 11940 11940 11940 11940 11940 -1 0 10368 -1 -1 -1 -1
220.012 11827 8035 8608 11940 11940 11940 11940 11940 -1 0 10368 -1 -1 -1 -1
220.810 11827 8035 8608 11940 11940 11940 11940 11940 -1 0 10368 -1 -1 -1 -1
221.182 11827 8035 8608 11940 11940 11940 11940 11940 -1 0 10368 -1 -1 -1 -1
242.026 11827 8035 8608 11940 11940 11940 11940 11940 -1 0 10368 -1 -1 -1 -1
242.614 11827 8035 8608 11940 11940 11940 11940 11940 -1 0 10368 -1 -1 -1 -1
243.248 11827 8035 8608 11940 11940 11940 11940 11940 -1 0 10384 -1 -1 -1 -1
244.170 12102 8035 8608 11940 11940 11940 11940 11940 -1 0 10384 -1 -1 -1 -1
244.421 12102 8035 8608 11940 11940 11940 11940 11940 -1 0 10384 -1 -1 -1 -1
244.695 12102 8035 8608 11940 11940 11940 11940 11940 -1 0 10384 -1 -1 -1 -1
245.258 12102 8031 8596 11940 11940 11940 11940 11940 -1 0 10384 -1 -1 -1 -1
245.480 12102 8031 8596 11940 11940 11940 11940 11940 -1 0 10384 -1 -1 -1 -1
245.747 12102 8031 8596 11940 11940 11940 11940 11940 -1 0 10400 -1 -1 -1 -1
267.249 12102 8031 8596 11940 11940 11940 11940 11940 -1 0 10400 -1 -1 -1 -1
267.780 12102 8031 8596 11940 11940 11940 11940 11940 -1 0 10400 -1 -1 -1 -1
268.497 12102 8031 8596 11940 11940 11940 11940 11940 -1 0 10400 -1 -1 -1 -1
269.840 11999 8031 8596 11940 11940 11940 11940 11940 -1 0 10400 -1 -1 -1 -1
270.650 11999 8031 8596 11940 11940 11940 11940 11940 -1 0 10400 -1 -1 -1 -1
271.323 11999 8031 8596 11940 11940 11940 11940 11940 -1 0 10400 -1 -1 -1 -1
290.432 11999 8039 8664 11940 11940 11940 11940 11940 -1 0 10400 -1 -1 -1 -1
