0.007 11999 8049 8139 11960 11960 11960 11960 11960 -1 0 7904 -1 -1 -1 -1
3.200 11999 8049 8139 11960 11960 11960 11960 11960 -1 0 7904 -1 -1 -1 -1
4.931 11999 8049 8159 11960 11960 11960 11960 11960 -1 0 7904 -1 -1 -1 -1
5.555 11999 8049 8159 11960 11960 11960 11960 11960 -1 0 7904 -1 -1 -1 -1
24.758 11999 8049 8159 11960 11960 11960 11960 11960 -1 0 7904 -1 -1 -1 -1
26.529 11999 8048 8159 11960 11960 11960 11960 11960 -1 0 7904 -1 -1 -1 -1
27.432 11999 8048 8159 11960 11960 11960 11960 11960 -1 0 7904 -1 -1 -1 -1
28.466 11999 8048 8159 11960 11960 11960 11960 11960 -1 0 7904 -1 -1 -1 -1
31.507 11999 8048 8159 11960 11960 11960 11960 11960 -1 0 7904 -1 -1 -1 -1
32.131 11999 8048 8159 11960 11960 11960 11960 11960 -1 0 7904 -1 -1 -1 -1
32.848 11999 8048 8159 11960 11960 11960 11960 11960 -1 0 7904 -1 -1 -1 -1
33.539 11996 8048 8155 11960 11960 11960 11960 11960 -1 0 7904 -1 -1 -1 -1
33.807 11996 8048 8155 11960 11960 11960 11960 11960 -1 0 7904 -1 -1 -1 -1
49.049 11996 8048 8155 11960 11960 11960 11960 11960 -1 0 7904 -1 -1 -1 -1
50.988 11996 8045 8155 11960 11960 11960 11960 11960 -1 0 7904 -1 -1 -1 -1
51.549 11996 8045 8155 11960 11960 11960 11960 11960 -1 0 7904 -1 -1 -1 -1
52.130 11996 8045 8155 11960 11960 11960 11960 11960 -1 0 7904 -1 -1 -1 -1
52.717 11996 8045 8155 11960 11960 11960 11960 11960 -1 0 7904 -1 -1 -1 -1
52.968 11996 8045 8155 11960 11960 11960 11960 11960 -1 0 7904 -1 -1 -1 -1
74.295 11996 8045 8155 11960 11960 11960 11960 11960 -1 0 7888 -1 -1 -1 -1
75.863 12003 8045 8148 11960 11960 11960 11960 11960 -1 0 7888 -1 -1 -1 -1
76.470 12003 8045 8148 11960 11960 11960 11960 11960 -1 0 7888 -1 -1 -1 -1
77.431 12003 8045 8148 11960 11960 11960 11960 11960 -1 0 7888 -1 -1 -1 -1
78.831 12003 8041 8148 11960 11960 11960 11960 11960 -1 0 7888 -1 -1 -1 -1
80.099 12003 8041 8148 11960 11960 11960 11960 11960 -1 0 7888 -1 -1 -1 -1
80.834 12003 8041 8148 11960 11960 11960 11960 11960 -1 0 7888 -1 -1 -1 -1
81.428 12003 8041 8148 11960 11960 11960 11960 11960 -1 0 7888 -1 -1 -1 -1
81.671 12003 8041 8148 11960 11960 11960 11960 11960 -1 0 7888 -1 -1 -1 -1
99.007 12003 8041 8148 11960 11960 11960 11960 11960 -1 0 7904 -1 -1 -1 -1
100.769 11994 8041 8163 11960 11960 11960 11960 11960 -1 0 7904 -1 -1 -1 -1
101.346 11994 8041 8163 11960 11960 11960 11960 11960 -1 0 7904 -1 -1 -1 -1
101.970 11994 8041 8163 11960 11960 11960 11960 11960 -1 0 7904 -1 -1 -1 -1
103.285 11994 8045 8163 11960 11960 11960 11960 11960 -1 0 7904 -1 -1 -1 -1
103.805 11994 8045 8163 11960 11960 11960 11960 11960 -1 0 7904 -1 -1 -1 -1
123.888 11994 8045 8163 11960 11960 11960 11960 11960 -1 0 7888 -1 -1 -1 -1
124.539 11994 8045 8163 11960 11960 11960 11960 11960 -1 0 7888 -1 -1 -1 -1
124.794 11994 8045 8163 11960 11960 11960 11960 11960 -1 0 7888 -1 -1 -1 -1
126.071 11994 8045 8163 11960 11960 11960 11960 11960 -1 0 7904 -1 -1 -1 -1
127.497 11993 8045 8153 11960 11960 11960 11960 11960 -1 0 7904 -1 -1 -1 -1
128.039 11993 8045 8153 11960 11960 11960 11960 11960 -1 0 7904 -1 -1 -1 -1
130.856 11993 8045 8153 11960 11960 11960 11960 11960 -1 0 7872 -1 -1 -1 -1
132.680 11993 8040 8153 11960 11960 11960 11960 11960 -1 0 7872 -1 -1 -1 -1
133.310 11993 8040 8153 11960 11960 11960 11960 11960 -1 0 7872 -1 -1 -1 -1
153.828 11993 8040 8153 11960 11960 11960 11960 11960 -1 0 7904 -1 -1 -1 -1
155.834 11993 8040 8153 11960 11960 11960 11960 11960 -1 0 7904 -1 -1 -1 -1
156.448 11993 8040 8153 11960 11960 11960 11960 11960 -1 0 7904 -1 -1 -1 -1
157.011 11993 8040 8153 11960 11960 11960 11960 11960 -1 0 7888 -1 -1 -1 -1
158.247 11992 8040 8150 11960 11960 11960 11960 11960 -1 0 7888 -1 -1 -1 -1
158.817 11992 8040 8150 11960 11960 11960 11960 11960 -1 0 7888 -1 -1 -1 -1
173.795 11992 8040 8150 11960 11960 11960 11960 11960 -1 0 7904 -1 -1 -1 -1
175.272 11992 8037 8150 11960 11960 11960 11960 11960 -1 0 7904 -1 -1 -1 -1
175.935 11992 8037 8150 11960 11960 11960 11960 11960 -1 0 7904 -1 -1 -1 -1
176.887 11992 8037 8150 11960 11960 11960 11960 11960 -1 0 7904 -1 -1 -1 -1
177.683 11992 8037 8150 11960 11960 11960 11960 11960 -1 0 7904 -1 -1 -1 -1
177.998 11992 8037 8150 11960 11960 11960 11960 11960 -1 0 7904 -1 -1 -1 -1
181.662 11992 8037 8150 11960 11960 11960 11960 11960 -1 0 7888 -1 -1 -1 -1
183.090 12005 8037 8150 11960 11960 11960 11960 11960 -1 0 7888 -1 -1 -1 -1
183.799 12005 8037 8150 11960 11960 11960 11960 11960 -1 0 7888 -1 -1 -1 -1
197.807 12005 8037 8150 11960 11960 11960 11960 11960 -1 0 7888 -1 -1 -1 -1
199.927 12005 8040 8150 11960 11960 11960 11960 11960 -1 0 7888 -1 -1 -1 -1
200.770 12005 8040 8150 11960 11960 11960 11960 11960 -1 0 7888 -1 -1 -1 -1
202.412 12005 8040 8150 11960 11960 11960 11960 11960 -1 0 7904 -1 -1 -1 -1
202.986 12005 8040 8150 11960 11960 11960 11960 11960 -1 0 7904 -1 -1 -1 -1
203.271 12005 8040 8150 11960 11960 11960 11960 11960 -1 0 7904 -1 -1 -1 -1
223.723 12005 8040 8150 11960 11960 11960 11960 11960 -1 0 7904 -1 -1 -1 -1
225.394 12002 8040 8150 11960 11960 11960 11960 11960 -1 0 7904 -1 -1 -1 -1
226.235 12002 8040 8150 11960 11960 11960 11960 11960 -1 0 7904 -1 -1 -1 -1
226.857 12002 8040 8150 11960 11960 11960 11960 11960 -1 0 7872 -1 -1 -1 -1
228.475 12002 8041 8143 11960 11960 11960 11960 11960 -1 0 7872 -1 -1 -1 -1
229.949 12002 8041 8143 11960 11960 11960 11960 11960 -1 0 7872 -1 -1 -1 -1
230.930 12002 8041 8143 11960 11960 11960 11960 11960 -1 0 7904 -1 -1 -1 -1
231.555 12002 8041 8143 11960 11960 11960 11960 11960 -1 0 7904 -1 -1 -1 -1
231.809 12002 8041 8143 11960 11960 11960 11960 11960 -1 0 7904 -1 -1 -1 -1
246.076 12002 8041 8143 11960 11960 11960 11960 11960 -1 0 7888 -1 -1 -1 -1
