0.007 3755 8236 8194 11940 11940 11940 11940 11940 -1 0 9584 -1 -1 -1 -1
16.828 3755 8236 8194 11940 11940 11940 11940 11940 -1 0 9584 -1 -1 -1 -1
18.531 3755 8254 8178 11940 11940 11940 11940 11940 -1 0 9584 -1 -1 -1 -1
19.107 3755 8254 8178 11940 11940 11940 11940 11940 -1 0 9584 -1 -1 -1 -1
19.707 3755 8254 8178 11940 11940 11940 11940 11940 -1 0 9568 -1 -1 -1 -1
21.387 3755 8254 8178 11940 11940 11940 11940 11940 -1 0 9568 -1 -1 -1 -1
21.914 3755 8254 8178 11940 11940 11940 11940 11940 -1 0 9568 -1 -1 -1 -1
22.507 3755 8254 8178 11940 11940 11940 11940 11940 -1 0 9568 -1 -1 -1 -1
23.948 3755 8254 8178 11940 11940 11940 11940 11940 -1 0 9568 -1 -1 -1 -1
24.757 3755 8254 8178 11940 11940 11940 11940 11940 -1 0 9568 -1 -1 -1 -1
41.329 3755 8254 8178 11940 11940 11940 11940 11940 -1 0 9568 -1 -1 -1 -1
41.945 3755 8251 8179 11940 11940 11940 11940 11940 -1 0 9568 -1 -1 -1 -1
42.182 3755 8251 8179 11940 11940 11940 11940 11940 -1 0 9568 -1 -1 -1 -1
43.246 3755 8251 8179 11940 11940 11940 11940 11940 -1 0 9568 -1 -1 -1 -1
44.388 3755 8251 8179 11940 11940 11940 11940 11940 -1 0 9568 -1 -1 -1 -1
68.082 3755 8251 8179 11940 11940 11940 11940 11940 -1 0 9568 -1 -1 -1 -1
69.127 3755 8251 8179 11940 11940 11940 11940 11940 -1 0 9568 -1 -1 -1 -1
71.077 3767 8251 8179 11940 11940 11940 11940 11940 -1 0 9568 -1 -1 -1 -1
71.683 3767 8251 8179 11940 11940 11940 11940 11940 -1 0 9568 -1 -1 -1 -1
72.290 3767 8251 8179 11940 11940 11940 11940 11940 -1 0 9552 -1 -1 -1 -1
73.532 3767 8241 8173 11940 11940 11940 11940 11940 -1 0 9552 -1 -1 -1 -1
74.103 3767 8241 8173 11940 11940 11940 11940 11940 -1 0 9552 -1 -1 -1 -1
74.646 3767 8241 8173 11940 11940 11940 11940 11940 -1 0 9552 -1 -1 -1 -1
76.464 3767 8241 8173 11940 11940 11940 11940 11940 -1 0 9552 -1 -1 -1 -1
77.145 3767 8241 8173 11940 11940 11940 11940 11940 -1 0 9552 -1 -1 -1 -1
92.791 3767 8241 8173 11940 11940 11940 11940 11940 -1 0 9536 -1 -1 -1 -1
95.266 3761 8241 8173 11940 11940 11940 11940 11940 -1 0 9536 -1 -1 -1 -1
95.806 3761 8241 8173 11940 11940 11940 11940 11940 -1 0 9536 -1 -1 -1 -1
96.383 3761 8241 8173 11940 11940 11940 11940 11940 -1 0 9536 -1 -1 -1 -1
97.577 3761 8236 8188 11940 11940 11940 11940 11940 -1 0 9536 -1 -1 -1 -1
98.114 3761 8236 8188 11940 11940 11940 11940 11940 -1 0 9536 -1 -1 -1 -1
117.428 3761 8236 8188 11940 11940 11940 11940 11940 -1 0 9520 -1 -1 -1 -1
119.033 3761 8236 8188 11940 11940 11940 11940 11940 -1 0 9520 -1 -1 -1 -1
119.550 3761 8236 8188 11940 11940 11940 11940 11940 -1 0 9520 -1 -1 -1 -1
120.148 3761 8236 8188 11940 11940 11940 11940 11940 -1 0 9520 -1 -1 -1 -1
121.825 3758 8236 8188 11940 11940 11940 11940 11940 -1 0 9520 -1 -1 -1 -1
122.338 3758 8236 8188 11940 11940 11940 11940 11940 -1 0 9520 -1 -1 -1 -1
122.905 3758 8236 8188 11940 11940 11940 11940 11940 -1 0 9520 -1 -1 -1 -1
124.392 3758 8242 8192 11940 11940 11940 11940 11940 -1 0 9520 -1 -1 -1 -1
143.953 3758 8242 8192 11940 11940 11940 11940 11940 -1 16 9520 -1 -1 -1 -1
144.731 3758 8242 8192 11940 11940 11940 11940 11940 -1 16 9504 -1 -1 -1 -1
146.434 3758 8242 8192 11940 11940 11940 11940 11940 -1 16 9504 -1 -1 -1 -1
146.967 3758 8242 8192 11940 11940 11940 11940 11940 -1 0 9504 -1 -1 -1 -1
147.526 3758 8242 8192 11940 11940 11940 11940 11940 -1 0 9504 -1 -1 -1 -1
148.102 3748 8242 8192 11940 11940 11940 11940 11940 -1 0 9504 -1 -1 -1 -1
148.329 3748 8242 8192 11940 11940 11940 11940 11940 -1 0 9504 -1 -1 -1 -1
153.859 3748 8242 8192 11940 11940 11940 11940 11940 -1 0 9488 -1 -1 -1 -1
