0.009 12003 7986 8322 12020 12020 12020 12020 12020 -1 0 8880 -1 -1 -1 -1
23.119 12003 7986 8322 12020 12020 12020 12020 12020 -1 0 8880 -1 -1 -1 -1
23.725 12003 7986 8322 12020 12020 12020 12020 12020 -1 0 8880 -1 -1 -1 -1
24.300 12003 7986 8322 12020 12020 12020 12020 12020 -1 0 8896 -1 -1 -1 -1
25.575 12003 7990 8267 12020 12020 12020 12020 12020 -1 0 8896 -1 -1 -1 -1
26.096 12003 7990 8267 12020 12020 12020 12020 12020 -1 0 8896 -1 -1 -1 -1
26.935 12003 7990 8267 12020 12020 12020 12020 12020 -1 0 8896 -1 -1 -1 -1
28.349 12003 7990 8267 12020 12020 12020 12020 12020 -1 0 8896 -1 -1 -1 -1
29.071 12003 7990 8267 12020 12020 12020 12020 12020 -1 0 8896 -1 -1 -1 -1
29.826 12003 7990 8267 12020 12020 12020 12020 12020 -1 0 8896 -1 -1 -1 -1
30.414 12004 7990 8267 12020 12020 12020 12020 12020 -1 0 8896 -1 -1 -1 -1
30.655 12004 7990 8267 12020 12020 12020 12020 12020 -1 0 8896 -1 -1 -1 -1
41.912 12004 7990 8267 12020 12020 12020 12020 12020 -1 0 8896 -1 -1 -1 -1
43.493 12004 7995 8266 12020 12020 12020 12020 12020 -1 0 8896 -1 -1 -1 -1
44.206 12004 7995 8266 12020 12020 12020 12020 12020 -1 0 8896 -1 -1 -1 -1
44.860 12004 7995 8266 12020 12020 12020 12020 12020 -1 0 8896 -1 -1 -1 -1
67.211 12004 7995 8266 12020 12020 12020 12020 12020 -1 0 8896 -1 -1 -1 -1
67.550 12004 7995 8266 12020 12020 12020 12020 12020 -1 0 8896 -1 -1 -1 -1
67.847 12004 7995 8266 12020 12020 12020 12020 12020 -1 0 8880 -1 -1 -1 -1
68.396 12003 7995 8266 12020 12020 12020 12020 12020 -1 0 8880 -1 -1 -1 -1
68.626 12003 7995 8266 12020 12020 12020 12020 12020 -1 0 8880 -1 -1 -1 -1
68.876 12003 7995 8266 12020 12020 12020 12020 12020 -1 0 8896 -1 -1 -1 -1
69.419 12003 7978 8295 12020 12020 12020 12020 12020 -1 0 8896 -1 -1 -1 -1
69.655 12003 7978 8295 12020 12020 12020 12020 12020 -1 0 8896 -1 -1 -1 -1
92.610 12003 7978 8295 12020 12020 12020 12020 12020 -1 0 8896 -1 -1 -1 -1
94.394 12003 7978 8295 12020 12020 12020 12020 12020 -1 0 8896 -1 -1 -1 -1
94.933 12003 7978 8295 12020 12020 12020 12020 12020 -1 0 8896 -1 -1 -1 -1
95.660 12003 7978 8295 12020 12020 12020 12020 12020 -1 0 8896 -1 -1 -1 -1
98.013 11998 7978 8295 12020 12020 12020 12020 12020 -1 0 8896 -1 -1 -1 -1
98.596 11998 7978 8295 12020 12020 12020 12020 12020 -1 0 8896 -1 -1 -1 -1
99.187 11998 7978 8295 12020 12020 12020 12020 12020 -1 0 8896 -1 -1 -1 -1
116.956 11998 7999 8313 12020 12020 12020 12020 12020 -1 0 8896 -1 -1 -1 -1
117.442 11998 7999 8313 12020 12020 12020 12020 12020 -1 0 8896 -1 -1 -1 -1
118.006 11998 7999 8313 12020 12020 12020 12020 12020 -1 0 8896 -1 -1 -1 -1
118.833 11998 7999 8313 12020 12020 12020 12020 12020 -1 0 8896 -1 -1 -1 -1
119.344 11998 7999 8313 12020 12020 12020 12020 12020 -1 0 8896 -1 -1 -1 -1
119.711 11998 7999 8313 12020 12020 12020 12020 12020 -1 0 8896 -1 -1 -1 -1
120.229 12009 7999 8313 12020 12020 12020 12020 12020 -1 0 8896 -1 -1 -1 -1
120.488 12009 7999 8313 12020 12020 12020 12020 12020 -1 0 8896 -1 -1 -1 -1
120.749 12009 7999 8313 12020 12020 12020 12020 12020 -1 0 8880 -1 -1 -1 -1
142.830 12009 8008 8282 12020 12020 12020 12020 12020 -1 0 8880 -1 -1 -1 -1
143.389 12009 8008 8282 12020 12020 12020 12020 12020 -1 0 8880 -1 -1 -1 -1
143.988 12009 8008 8282 12020 12020 12020 12020 12020 -1 0 8896 -1 -1 -1 -1
145.234 12009 8008 8282 12020 12020 12020 12020 12020 -1 0 8896 -1 -1 -1 -1
147.116 12009 8008 8282 12020 12020 12020 12020 12020 -1 0 8896 -1 -1 -1 -1
147.804 12009 8008 8282 12020 12020 12020 12020 12020 -1 0 8880 -1 -1 -1 -1
169.733 12016 8008 8282 12020 12020 12020 12020 12020 -1 0 8880 -1 -1 -1 -1
170.397 12016 8008 8282 12020 12020 12020 12020 12020 -1 0 8880 -1 -1 -1 -1
170.995 12016 8008 8282 12020 12020 12020 12020 12020 -1 0 8896 -1 -1 -1 -1
172.251 12016 7974 8251 12020 12020 12020 12020 12020 -1 0 8896 -1 -1 -1 -1
172.813 12016 7974 8251 12020 12020 12020 12020 12020 -1 0 8896 -1 -1 -1 -1
173.369 12016 7974 8251 12020 12020 12020 12020 12020 -1 0 8896 -1 -1 -1 -1
174.659 12016 7974 8251 12020 12020 12020 12020 12020 -1 0 8896 -1 -1 -1 -1
175.167 12016 7974 8251 12020 12020 12020 12020 12020 -1 0 8896 -1 -1 -1 -1
175.820 12016 7974 8251 12020 12020 12020 12020 12020 -1 0 8896 -1 -1 -1 -1
191.865 12011 7974 8251 12020 12020 12020 12020 12020 -1 0 8896 -1 -1 -1 -1
192.535 12011 7974 8251 12020 12020 12020 12020 12020 -1 0 8896 -1 -1 -1 -1
193.132 12011 7974 8251 12020 12020 12020 12020 12020 -1 0 8896 -1 -1 -1 -1
194.398 12011 8003 8284 12020 12020 12020 12020 12020 -1 0 8896 -1 -1 -1 -1
194.914 12011 8003 8284 12020 12020 12020 12020 12020 -1 0 8896 -1 -1 -1 -1
195.672 12011 8003 8284 12020 12020 12020 12020 12020 -1 0 8880 -1 -1 -1 -1
218.408 12011 8003 8284 12020 12020 12020 12020 12020 -1 0 8880 -1 -1 -1 -1
218.969 12011 8003 8284 12020 12020 12020 12020 12020 -1 0 8880 -1 -1 -1 -1
219.591 12011 8003 8284 12020 12020 12020 12020 12020 -1 0 8896 -1 -1 -1 -1
220.734 12087 8003 8284 12020 12020 12020 12020 12020 -1 0 8896 -1 -1 -1 -1
220.989 12087 8003 8284 12020 12020 12020 12020 12020 -1 0 8896 -1 -1 -1 -1
221.269 12087 8003 8284 12020 12020 12020 12020 12020 -1 0 8896 -1 -1 -1 -1
221.802 12087 8012 8301 12020 12020 12020 12020 12020 -1 0 8896 -1 -1 -1 -1
222.020 12087 8012 8301 12020 12020 12020 12020 12020 -1 0 8896 -1 -1 -1 -1
222.269 12087 8012 8301 12020 12020 12020 12020 12020 -1 0 8896 -1 -1 -1 -1
241.043 12087 8012 8301 12020 12020 12020 12020 12020 -1 0 8896 -1 -1 -1 -1
241.499 12087 8012 8301 12020 12020 12020 12020 12020 -1 0 8896 -1 -1 -1 -1
241.854 12087 8012 8301 12020 12020 12020 12020 12020 -1 0 8896 -1 -1 -1 -1
242.400 11921 8012 8301 12020 12020 12020 12020 12020 -1 0 8896 -1 -1 -1 -1
242.646 11921 8012 8301 12020 12020 12020 12020 12020 -1 0 8896 -1 -1 -1 -1
242.892 11921 8012 8301 12020 12020 12020 12020 12020 -1 0 8896 -1 -1 -1 -1
268.486 11921 7966 8294 12020 12020 12020 12020 12020 -1 0 8896 -1 -1 -1 -1
268.810 11921 7966 8294 12020 12020 12020 12020 12020 -1 0 8896 -1 -1 -1 -1
269.125 11921 7966 8294 12020 12020 12020 12020 12020 -1 0 8896 -1 -1 -1 -1
269.888 11921 7966 8294 12020 12020 12020 12020 12020 -1 0 8896 -1 -1 -1 -1
270.204 11921 7966 8294 12020 12020 12020 12020 12020 -1 0 8896 -1 -1 -1 -1
270.499 11921 7966 8294 12020 12020 12020 12020 12020 -1 0 8896 -1 -1 -1 -1
271.002 12073 7966 8294 12020 12020 12020 12020 12020 -1 0 8896 -1 -1 -1 -1
271.208 12073 7966 8294 12020 12020 12020 12020 12020 -1 0 8896 -1 -1 -1 -1
271.514 12073 7966 8294 12020 12020 12020 12020 12020 -1 0 8880 -1 -1 -1 -1
293.131 12073 8003 8251 12020 12020 12020 12020 12020 -1 0 8880 -1 -1 -1 -1
293.721 12073 8003 8251 12020 12020 12020 12020 12020 -1 0 8880 -1 -1 -1 -1
294.282 12073 8003 8251 12020 12020 12020 12020 12020 -1 0 8896 -1 -1 -1 -1
296.550 12073 8003 8251 12020 12020 12020 12020 12020 -1 0 8896 -1 -1 -1 -1
297.520 12073 8003 8251 12020 12020 12020 12020 12020 -1 16 8896 -1 -1 -1 -1
298.255 12073 8003 8251 12020 12020 12020 12020 12020 -1 16 8896 -1 -1 -1 -1
315.940 11988 8003 8251 12020 12020 12020 12020 12020 -1 16 8896 -1 -1 -1 -1
316.271 11988 8003 8251 12020 12020 12020 12020 12020 -1 0 8896 -1 -1 -1 -1
317.165 11988 8003 8251 12020 12020 12020 12020 12020 -1 0 8896 -1 -1 -1 -1
317.923 11988 8002 8299 12020 12020 12020 12020 12020 -1 0 8896 -1 -1 -1 -1
318.238 11988 8002 8299 12020 12020 12020 12020 12020 -1 0 8896 -1 -1 -1 -1
318.571 11988 8002 8299 12020 12020 12020 12020 12020 -1 0 8896 -1 -1 -1 -1
319.083 11988 8002 8299 12020 12020 12020 12020 12020 -1 0 8896 -1 -1 -1 -1
319.299 11988 8002 8299 12020 12020 12020 12020 12020 -1 0 8896 -1 -1 -1 -1
319.593 11988 8002 8299 12020 12020 12020 12020 12020 -1 0 8896 -1 -1 -1 -1
342.172 12006 8002 8299 12020 12020 12020 12020 12020 -1 0 8896 -1 -1 -1 -1
342.905 12006 8002 8299 12020 12020 12020 12020 12020 -1 0 8896 -1 -1 -1 -1
343.642 12006 8002 8299 12020 12020 12020 12020 12020 -1 0 8896 -1 -1 -1 -1
345.200 12006 7986 8313 12020 12020 12020 12020 12020 -1 0 8896 -1 -1 -1 -1
346.430 12006 7986 8313 12020 12020 12020 12020 12020 -1 0 8896 -1 -1 -1 -1
347.287 12006 7986 8313 12020 12020 12020 12020 12020 -1 0 8880 -1 -1 -1 -1
365.962 12006 7986 8313 12020 12020 12020 12020 12020 -1 0 8880 -1 -1 -1 -1
367.101 12006 7986 8313 12020 12020 12020 12020 12020 -1 0 8880 -1 -1 -1 -1
368.251 12006 7986 8313 12020 12020 12020 12020 12020 -1 0 8896 -1 -1 -1 -1
369.164 12010 7986 8313 12020 12020 12020 12020 12020 -1 0 8896 -1 -1 -1 -1
369.479 12010 7986 8313 12020 12020 12020 12020 12020 -1 0 8896 -1 -1 -1 -1
369.800 12010 7986 8313 12020 12020 12020 12020 12020 -1 0 8880 -1 -1 -1 -1
370.322 12010 8004 8285 12020 12020 12020 12020 12020 -1 0 8880 -1 -1 -1 -1
370.586 12010 8004 8285 12020 12020 12020 12020 12020 -1 0 8880 -1 -1 -1 -1
370.913 12010 8004 8285 12020 12020 12020 12020 12020 -1 0 8880 -1 -1 -1 -1
393.512 12010 8004 8285 12020 12020 12020 12020 12020 -1 0 8880 -1 -1 -1 -1
394.107 12010 8004 8285 12020 12020 12020 12020 12020 -1 0 8880 -1 -1 -1 -1
395.124 12010 8004 8285 12020 12020 12020 12020 12020 -1 0 8896 -1 -1 -1 -1
398.390 11999 8004 8285 12020 12020 12020 12020 12020 -1 0 8896 -1 -1 -1 -1
398.706 11999 8004 8285 12020 12020 12020 12020 12020 -1 0 8896 -1 -1 -1 -1
398.994 11999 8004 8285 12020 12020 12020 12020 12020 -1 0 8896 -1 -1 -1 -1
399.598 11999 7996 8278 12020 12020 12020 12020 12020 -1 0 8896 -1 -1 -1 -1
399.842 11999 7996 8278 12020 12020 12020 12020 12020 -1 0 8896 -1 -1 -1 -1
400.110 11999 7996 8278 12020 12020 12020 12020 12020 -1 0 8880 -1 -1 -1 -1
402.235 11999 7996 8278 12020 12020 12020 12020 12020 -1 0 8880 -1 -1 -1 -1
