0.006 3754 8323 8060 11940 11940 11940 11940 11940 -1 0 9280 -1 -1 -1 -1
19.316 3754 8323 8060 11940 11940 11940 11940 11940 -1 0 9280 -1 -1 -1 -1
19.849 3754 8323 8060 11940 11940 11940 11940 11940 -1 0 9280 -1 -1 -1 -1
20.409 3754 8323 8060 11940 11940 11940 11940 11940 -1 0 9280 -1 -1 -1 -1
21.651 3754 8310 8061 11940 11940 11940 11940 11940 -1 0 9280 -1 -1 -1 -1
22.169 3754 8310 8061 11940 11940 11940 11940 11940 -1 0 9280 -1 -1 -1 -1
23.488 3754 8310 8061 11940 11940 11940 11940 11940 -1 0 9280 -1 -1 -1 -1
42.648 3754 8310 8061 11940 11940 11940 11940 11940 -1 0 9280 -1 -1 -1 -1
43.467 3754 8310 8061 11940 11940 11940 11940 11940 -1 0 9280 -1 -1 -1 -1
44.105 3754 8310 8061 11940 11940 11940 11940 11940 -1 0 9296 -1 -1 -1 -1
45.390 3764 8310 8061 11940 11940 11940 11940 11940 -1 0 9296 -1 -1 -1 -1
45.892 3764 8310 8061 11940 11940 11940 11940 11940 -1 0 9296 -1 -1 -1 -1
46.512 3764 8310 8061 11940 11940 11940 11940 11940 -1 0 9280 -1 -1 -1 -1
47.740 3764 8317 8057 11940 11940 11940 11940 11940 -1 0 9280 -1 -1 -1 -1
48.254 3764 8317 8057 11940 11940 11940 11940 11940 -1 0 9280 -1 -1 -1 -1
48.802 3764 8317 8057 11940 11940 11940 11940 11940 -1 0 9280 -1 -1 -1 -1
65.438 3764 8317 8057 11940 11940 11940 11940 11940 -1 0 9280 -1 -1 -1 -1
65.688 3764 8317 8057 11940 11940 11940 11940 11940 -1 0 9280 -1 -1 -1 -1
65.955 3764 8317 8057 11940 11940 11940 11940 11940 -1 0 9296 -1 -1 -1 -1
66.463 3749 8317 8057 11940 11940 11940 11940 11940 -1 0 9296 -1 -1 -1 -1
66.671 3749 8317 8057 11940 11940 11940 11940 11940 -1 0 9296 -1 -1 -1 -1
66.904 3749 8317 8057 11940 11940 11940 11940 11940 -1 0 9280 -1 -1 -1 -1
94.021 3749 8318 8032 11940 11940 11940 11940 11940 -1 0 9280 -1 -1 -1 -1
94.569 3749 8318 8032 11940 11940 11940 11940 11940 -1 0 9280 -1 -1 -1 -1
95.203 3749 8318 8032 11940 11940 11940 11940 11940 -1 0 9280 -1 -1 -1 -1
96.467 3749 8318 8032 11940 11940 11940 11940 11940 -1 0 9280 -1 -1 -1 -1
96.970 3749 8318 8032 11940 11940 11940 11940 11940 -1 0 9280 -1 -1 -1 -1
97.700 3749 8318 8032 11940 11940 11940 11940 11940 -1 0 9280 -1 -1 -1 -1
99.057 3755 8318 8032 11940 11940 11940 11940 11940 -1 0 9280 -1 -1 -1 -1
99.811 3755 8318 8032 11940 11940 11940 11940 11940 -1 0 9280 -1 -1 -1 -1
100.461 3755 8318 8032 11940 11940 11940 11940 11940 -1 0 9280 -1 -1 -1 -1
119.161 3755 8307 8044 11940 11940 11940 11940 11940 -1 0 9280 -1 -1 -1 -1
119.773 3755 8307 8044 11940 11940 11940 11940 11940 -1 0 9280 -1 -1 -1 -1
120.488 3755 8307 8044 11940 11940 11940 11940 11940 -1 0 9280 -1 -1 -1 -1
122.169 3755 8307 8044 11940 11940 11940 11940 11940 -1 0 9280 -1 -1 -1 -1
124.150 3755 8307 8044 11940 11940 11940 11940 11940 -1 0 9280 -1 -1 -1 -1
124.955 3755 8307 8044 11940 11940 11940 11940 11940 -1 0 9280 -1 -1 -1 -1
142.648 3749 8307 8044 11940 11940 11940 11940 11940 -1 0 9280 -1 -1 -1 -1
143.833 3749 8307 8044 11940 11940 11940 11940 11940 -1 0 9280 -1 -1 -1 -1
144.742 3749 8307 8044 11940 11940 11940 11940 11940 -1 0 9296 -1 -1 -1 -1
146.008 3749 8313 8070 11940 11940 11940 11940 11940 -1 0 9296 -1 -1 -1 -1
146.629 3749 8313 8070 11940 11940 11940 11940 11940 -1 0 9296 -1 -1 -1 -1
147.236 3749 8313 8070 11940 11940 11940 11940 11940 -1 0 9280 -1 -1 -1 -1
148.474 3749 8313 8070 11940 11940 11940 11940 11940 -1 0 9280 -1 -1 -1 -1
148.978 3749 8313 8070 11940 11940 11940 11940 11940 -1 0 9280 -1 -1 -1 -1
165.988 3749 8313 8070 11940 11940 11940 11940 11940 -1 0 9280 -1 -1 -1 -1
166.606 3753 8313 8070 11940 11940 11940 11940 11940 -1 0 9280 -1 -1 -1 -1
166.839 3753 8313 8070 11940 11940 11940 11940 11940 -1 0 9280 -1 -1 -1 -1
167.101 3753 8313 8070 11940 11940 11940 11940 11940 -1 0 9280 -1 -1 -1 -1
167.586 3753 8310 8063 11940 11940 11940 11940 11940 -1 0 9280 -1 -1 -1 -1
167.795 3753 8310 8063 11940 11940 11940 11940 11940 -1 0 9280 -1 -1 -1 -1
168.026 3753 8310 8063 11940 11940 11940 11940 11940 -1 0 9280 -1 -1 -1 -1
191.461 3753 8310 8063 11940 11940 11940 11940 11940 -1 0 9280 -1 -1 -1 -1
192.043 3753 8310 8063 11940 11940 11940 11940 11940 -1 0 9280 -1 -1 -1 -1
193.056 3753 8310 8063 11940 11940 11940 11940 11940 -1 0 9280 -1 -1 -1 -1
194.345 3765 8310 8063 11940 11940 11940 11940 11940 -1 0 9280 -1 -1 -1 -1
194.588 3765 8310 8063 11940 11940 11940 11940 11940 -1 0 9280 -1 -1 -1 -1
194.841 3765 8310 8063 11940 11940 11940 11940 11940 -1 0 9280 -1 -1 -1 -1
195.357 3765 8308 8036 11940 11940 11940 11940 11940 -1 0 9280 -1 -1 -1 -1
195.571 3765 8308 8036 11940 11940 11940 11940 11940 -1 0 9280 -1 -1 -1 -1
195.823 3765 8308 8036 11940 11940 11940 11940 11940 -1 0 9280 -1 -1 -1 -1
221.147 3765 8308 8036 11940 11940 11940 11940 11940 -1 0 9280 -1 -1 -1 -1
221.692 3765 8308 8036 11940 11940 11940 11940 11940 -1 0 9280 -1 -1 -1 -1
222.359 3765 8308 8036 11940 11940 11940 11940 11940 -1 0 9280 -1 -1 -1 -1
225.029 3754 8308 8036 11940 11940 11940 11940 11940 -1 0 9280 -1 -1 -1 -1
225.613 3754 8308 8036 11940 11940 11940 11940 11940 -1 0 9280 -1 -1 -1 -1
226.218 3754 8308 8036 11940 11940 11940 11940 11940 -1 0 9280 -1 -1 -1 -1
227.349 3754 8326 8035 11940 11940 11940 11940 11940 -1 0 9280 -1 -1 -1 -1
227.607 3754 8326 8035 11940 11940 11940 11940 11940 -1 0 9280 -1 -1 -1 -1
240.674 3754 8326 8035 11940 11940 11940 11940 11940 -1 0 9280 -1 -1 -1 -1
241.334 3754 8326 8035 11940 11940 11940 11940 11940 -1 0 9280 -1 -1 -1 -1
241.567 3754 8326 8035 11940 11940 11940 11940 11940 -1 0 9280 -1 -1 -1 -1
241.827 3754 8326 8035 11940 11940 11940 11940 11940 -1 0 9280 -1 -1 -1 -1
242.466 3752 8326 8035 11940 11940 11940 11940 11940 -1 0 9280 -1 -1 -1 -1
242.882 3752 8326 8035 11940 11940 11940 11940 11940 -1 0 9280 -1 -1 -1 -1
243.187 3752 8326 8035 11940 11940 11940 11940 11940 -1 0 9280 -1 -1 -1 -1
266.173 3752 8315 8058 11940 11940 11940 11940 11940 -1 0 9280 -1 -1 -1 -1
266.893 3752 8315 8058 11940 11940 11940 11940 11940 -1 0 9280 -1 -1 -1 -1
267.520 3752 8315 8058 11940 11940 11940 11940 11940 -1 0 9280 -1 -1 -1 -1
268.759 3752 8315 8058 11940 11940 11940 11940 11940 -1 0 9280 -1 -1 -1 -1
269.297 3752 8315 8058 11940 11940 11940 11940 11940 -1 0 9280 -1 -1 -1 -1
291.642 3752 8315 8058 11940 11940 11940 11940 11940 -1 0 9280 -1 -1 -1 -1
293.811 3767 8315 8058 11940 11940 11940 11940 11940 -1 0 9280 -1 -1 -1 -1
294.370 3767 8315 8058 11940 11940 11940 11940 11940 -1 0 9280 -1 -1 -1 -1
294.966 3767 8315 8058 11940 11940 11940 11940 11940 -1 0 9280 -1 -1 -1 -1
296.251 3767 8319 8069 11940 11940 11940 11940 11940 -1 0 9280 -1 -1 -1 -1
296.762 3767 8319 8069 11940 11940 11940 11940 11940 -1 0 9280 -1 -1 -1 -1
297.342 3767 8319 8069 11940 11940 11940 11940 11940 -1 0 9280 -1 -1 -1 -1
298.543 3767 8319 8069 11940 11940 11940 11940 11940 -1 0 9280 -1 -1 -1 -1
299.038 3767 8319 8069 11940 11940 11940 11940 11940 -1 0 9280 -1 -1 -1 -1
299.644 3767 8319 8069 11940 11940 11940 11940 11940 -1 0 9280 -1 -1 -1 -1
317.644 3761 8319 8069 11940 11940 11940 11940 11940 -1 0 9280 -1 -1 -1 -1
318.170 3761 8319 8069 11940 11940 11940 11940 11940 -1 0 9280 -1 -1 -1 -1
318.727 3761 8319 8069 11940 11940 11940 11940 11940 -1 0 9280 -1 -1 -1 -1
319.884 3761 8315 8047 11940 11940 11940 11940 11940 -1 0 9280 -1 -1 -1 -1
320.431 3761 8315 8047 11940 11940 11940 11940 11940 -1 16 9280 -1 -1 -1 -1
321.172 3761 8315 8047 11940 11940 11940 11940 11940 -1 16 9280 -1 -1 -1 -1
341.693 3761 8315 8047 11940 11940 11940 11940 11940 -1 16 9280 -1 -1 -1 -1
342.878 3761 8315 8047 11940 11940 11940 11940 11940 -1 0 9280 -1 -1 -1 -1
343.622 3761 8315 8047 11940 11940 11940 11940 11940 -1 0 9280 -1 -1 -1 -1
345.014 3760 8315 8047 11940 11940 11940 11940 11940 -1 0 9280 -1 -1 -1 -1
345.332 3760 8315 8047 11940 11940 11940 11940 11940 -1 0 9280 -1 -1 -1 -1
345.622 3760 8315 8047 11940 11940 11940 11940 11940 -1 0 9280 -1 -1 -1 -1
346.153 3760 8318 8039 11940 11940 11940 11940 11940 -1 0 9280 -1 -1 -1 -1
346.385 3760 8318 8039 11940 11940 11940 11940 11940 -1 0 9280 -1 -1 -1 -1
358.778 3760 8318 8039 11940 11940 11940 11940 11940 -1 0 9280 -1 -1 -1 -1
