ORDER   PARTICIPANT			DCM
(1)       part 4:       [13.371, 4.925, 4.996, 2.802, 2.753]
(3) 	  part 12:	[15.760, 13.911, 14.564, 12.594, 8.717]
(4) 	  part 1:	[4.459, 2.727, 3.393, 3.396, 2.686]
(5) 	  part 3:	[4.830, 5.365, 2.711, 2.633, 2.717]
(6) 	  part 14:	[11.739, 4.500, 9.770, 7.767, 5.834]
(7) 	  part 13:	[2.787, 3.242, 3.465, 7.108, 2.886]


(8)	  part 7:	[3.472, 7.461, 9.903, 2.941, 5.184]
(9)	  part 10:	[3.323, 2.628, 3.078, 3.998, 2.848]
(10)	  part 2:	[5.093, 2.678, 8.204, 4.322, 2.661]
(11)	  part 11:	[7.492, 7.529, 2.769, 3.795, 7.437]
(13)	  part 8: 	[2.688, 5.298, 3.471, 7.478, 3.825]



(12)	##  part 6:	[5.774, 6.42, 5.736, 4.885, 5.384]
(2)     ##  part 9: 	[4.556, 8.195, 9.647, 11.828, 14.657]