0.009 11538 7999 8704 11940 11940 11940 11940 11940 -1 0 9056 -1 -1 -1 -1
1.634 11538 7999 8704 11940 11940 11940 11940 11940 -1 0 9056 -1 -1 -1 -1
1.976 11538 7999 8704 11940 11940 11940 11940 11940 -1 0 9056 -1 -1 -1 -1
2.337 11538 7999 8704 11940 11940 11940 11940 11940 -1 0 9056 -1 -1 -1 -1
2.842 11985 7999 8704 11940 11940 11940 11940 11940 -1 0 9056 -1 -1 -1 -1
3.071 11985 7999 8704 11940 11940 11940 11940 11940 -1 0 9056 -1 -1 -1 -1
3.313 11985 7999 8704 11940 11940 11940 11940 11940 -1 0 9056 -1 -1 -1 -1
3.785 11985 8036 8799 11940 11940 11940 11940 11940 -1 0 9056 -1 -1 -1 -1
27.665 11985 8036 8799 11940 11940 11940 11940 11940 -1 0 9056 -1 -1 -1 -1
28.560 11985 8036 8799 11940 11940 11940 11940 11940 -1 0 9056 -1 -1 -1 -1
30.086 11985 8036 8799 11940 11940 11940 11940 11940 -1 0 9056 -1 -1 -1 -1
30.637 11985 8036 8799 11940 11940 11940 11940 11940 -1 0 9056 -1 -1 -1 -1
31.194 11985 8036 8799 11940 11940 11940 11940 11940 -1 0 9024 -1 -1 -1 -1
32.408 12034 8036 8799 11940 11940 11940 11940 11940 -1 0 9024 -1 -1 -1 -1
32.890 12034 8036 8799 11940 11940 11940 11940 11940 -1 0 9024 -1 -1 -1 -1
33.494 12034 8036 8799 11940 11940 11940 11940 11940 -1 0 9056 -1 -1 -1 -1
51.583 12034 8013 8777 11940 11940 11940 11940 11940 -1 0 9056 -1 -1 -1 -1
51.861 12034 8013 8777 11940 11940 11940 11940 11940 -1 0 9056 -1 -1 -1 -1
52.147 12034 8013 8777 11940 11940 11940 11940 11940 -1 0 9056 -1 -1 -1 -1
52.634 12034 8013 8777 11940 11940 11940 11940 11940 -1 0 9056 -1 -1 -1 -1
52.838 12034 8013 8777 11940 11940 11940 11940 11940 -1 0 9056 -1 -1 -1 -1
53.118 12034 8013 8777 11940 11940 11940 11940 11940 -1 0 9056 -1 -1 -1 -1
80.554 11943 8013 8777 11940 11940 11940 11940 11940 -1 0 9056 -1 -1 -1 -1
81.126 11943 8013 8777 11940 11940 11940 11940 11940 -1 0 9056 -1 -1 -1 -1
81.735 11943 8013 8777 11940 11940 11940 11940 11940 -1 0 9040 -1 -1 -1 -1
82.980 11943 8008 8785 11940 11940 11940 11940 11940 -1 0 9040 -1 -1 -1 -1
83.541 11943 8008 8785 11940 11940 11940 11940 11940 -1 0 9040 -1 -1 -1 -1
84.106 11943 8008 8785 11940 11940 11940 11940 11940 -1 0 9040 -1 -1 -1 -1
85.326 11943 8008 8785 11940 11940 11940 11940 11940 -1 0 9040 -1 -1 -1 -1
85.828 11943 8008 8785 11940 11940 11940 11940 11940 -1 0 9040 -1 -1 -1 -1
86.396 11943 8008 8785 11940 11940 11940 11940 11940 -1 0 9056 -1 -1 -1 -1
100.013 11934 8008 8785 11940 11940 11940 11940 11940 -1 0 9056 -1 -1 -1 -1
100.287 11934 8008 8785 11940 11940 11940 11940 11940 -1 0 9056 -1 -1 -1 -1
100.558 11934 8008 8785 11940 11940 11940 11940 11940 -1 0 9040 -1 -1 -1 -1
103.047 11934 8023 8785 11940 11940 11940 11940 11940 -1 0 9040 -1 -1 -1 -1
103.536 11934 8023 8785 11940 11940 11940 11940 11940 -1 0 9040 -1 -1 -1 -1
104.058 11934 8023 8785 11940 11940 11940 11940 11940 -1 0 9040 -1 -1 -1 -1
127.045 11934 8023 8785 11940 11940 11940 11940 11940 -1 0 9040 -1 -1 -1 -1
128.024 11934 8023 8785 11940 11940 11940 11940 11940 -1 0 9040 -1 -1 -1 -1
128.685 11934 8023 8785 11940 11940 11940 11940 11940 -1 0 9040 -1 -1 -1 -1
129.952 11966 8023 8785 11940 11940 11940 11940 11940 -1 0 9040 -1 -1 -1 -1
130.487 11966 8023 8785 11940 11940 11940 11940 11940 -1 0 9040 -1 -1 -1 -1
131.036 11966 8023 8785 11940 11940 11940 11940 11940 -1 0 9040 -1 -1 -1 -1
132.268 11966 8030 8805 11940 11940 11940 11940 11940 -1 0 9040 -1 -1 -1 -1
132.767 11966 8030 8805 11940 11940 11940 11940 11940 -1 0 9040 -1 -1 -1 -1
133.353 11966 8030 8805 11940 11940 11940 11940 11940 -1 0 9040 -1 -1 -1 -1
151.492 11966 8030 8805 11940 11940 11940 11940 11940 -1 0 9040 -1 -1 -1 -1
151.778 11966 8030 8805 11940 11940 11940 11940 11940 -1 0 9040 -1 -1 -1 -1
152.059 11966 8030 8805 11940 11940 11940 11940 11940 -1 0 9040 -1 -1 -1 -1
152.552 11950 8030 8805 11940 11940 11940 11940 11940 -1 0 9040 -1 -1 -1 -1
152.759 11950 8030 8805 11940 11940 11940 11940 11940 -1 0 9040 -1 -1 -1 -1
153.000 11950 8030 8805 11940 11940 11940 11940 11940 -1 0 9040 -1 -1 -1 -1
153.513 11950 8006 8789 11940 11940 11940 11940 11940 -1 0 9040 -1 -1 -1 -1
153.788 11950 8006 8789 11940 11940 11940 11940 11940 -1 0 9040 -1 -1 -1 -1
176.432 11950 8006 8789 11940 11940 11940 11940 11940 -1 0 9040 -1 -1 -1 -1
178.233 11950 8006 8789 11940 11940 11940 11940 11940 -1 0 9040 -1 -1 -1 -1
178.791 11950 8006 8789 11940 11940 11940 11940 11940 -1 0 9040 -1 -1 -1 -1
179.398 11950 8006 8789 11940 11940 11940 11940 11940 -1 0 9040 -1 -1 -1 -1
180.633 11927 8006 8789 11940 11940 11940 11940 11940 -1 0 9040 -1 -1 -1 -1
181.145 11927 8006 8789 11940 11940 11940 11940 11940 -1 0 9040 -1 -1 -1 -1
181.718 11927 8006 8789 11940 11940 11940 11940 11940 -1 0 9040 -1 -1 -1 -1
202.607 11927 8041 8785 11940 11940 11940 11940 11940 -1 0 9040 -1 -1 -1 -1
203.228 11927 8041 8785 11940 11940 11940 11940 11940 -1 0 9040 -1 -1 -1 -1
205.704 11927 8041 8785 11940 11940 11940 11940 11940 -1 0 9040 -1 -1 -1 -1
207.178 11927 8041 8785 11940 11940 11940 11940 11940 -1 0 9040 -1 -1 -1 -1
207.941 11927 8041 8785 11940 11940 11940 11940 11940 -1 0 9040 -1 -1 -1 -1
208.639 11927 8041 8785 11940 11940 11940 11940 11940 -1 0 9040 -1 -1 -1 -1
209.852 11966 8041 8785 11940 11940 11940 11940 11940 -1 0 9040 -1 -1 -1 -1
210.380 11966 8041 8785 11940 11940 11940 11940 11940 -1 0 9040 -1 -1 -1 -1
214.501 11966 8041 8785 11940 11940 11940 11940 11940 -1 0 9040 -1 -1 -1 -1
