0.009 3755 8236 8080 3754 3754 3754 3754 3754 -1 0 8528 -1 -1 -1 -1
15.014 3755 8236 8080 3754 3754 3754 3754 3754 -1 0 8528 -1 -1 -1 -1
15.363 3755 8236 8080 3754 3754 3754 3754 3754 -1 0 8512 -1 -1 -1 -1
16.078 3748 8236 8097 3754 3754 3754 3754 3754 -1 0 8512 -1 -1 -1 -1
16.327 3748 8236 8097 3754 3754 3754 3754 3754 -1 0 8512 -1 -1 -1 -1
16.632 3748 8236 8097 3754 3754 3754 3754 3754 -1 0 8512 -1 -1 -1 -1
17.204 3748 8240 8097 3754 3754 3754 3754 3754 -1 0 8512 -1 -1 -1 -1
17.459 3748 8240 8097 3754 3754 3754 3754 3754 -1 0 8512 -1 -1 -1 -1
17.752 3748 8240 8097 3754 3754 3754 3754 3754 -1 0 8512 -1 -1 -1 -1
40.987 3748 8240 8097 3754 3754 3754 3754 3754 -1 0 8512 -1 -1 -1 -1
43.185 3748 8240 8097 3754 3754 3754 3754 3754 -1 0 8512 -1 -1 -1 -1
43.969 3748 8240 8097 3754 3754 3754 3754 3754 -1 0 8512 -1 -1 -1 -1
45.271 3752 8240 8077 3754 3754 3754 3754 3754 -1 0 8512 -1 -1 -1 -1
45.795 3752 8240 8077 3754 3754 3754 3754 3754 -1 0 8512 -1 -1 -1 -1
46.330 3752 8240 8077 3754 3754 3754 3754 3754 -1 0 8512 -1 -1 -1 -1
47.783 3752 8242 8077 3754 3754 3754 3754 3754 -1 0 8512 -1 -1 -1 -1
65.786 3752 8242 8077 3754 3754 3754 3754 3754 -1 0 8512 -1 -1 -1 -1
66.587 3752 8242 8077 3754 3754 3754 3754 3754 -1 0 8512 -1 -1 -1 -1
67.883 3752 8242 8077 3754 3754 3754 3754 3754 -1 0 8512 -1 -1 -1 -1
68.398 3752 8242 8077 3754 3754 3754 3754 3754 -1 0 8512 -1 -1 -1 -1
69.233 3752 8242 8077 3754 3754 3754 3754 3754 -1 0 8512 -1 -1 -1 -1
71.407 3748 8242 8077 3754 3754 3754 3754 3754 -1 0 8512 -1 -1 -1 -1
72.034 3748 8242 8077 3754 3754 3754 3754 3754 -1 0 8512 -1 -1 -1 -1
72.650 3748 8242 8077 3754 3754 3754 3754 3754 -1 0 8512 -1 -1 -1 -1
91.271 3748 8233 8046 3754 3754 3754 3754 3754 -1 0 8512 -1 -1 -1 -1
92.274 3748 8233 8046 3754 3754 3754 3754 3754 -1 0 8512 -1 -1 -1 -1
93.562 3748 8233 8046 3754 3754 3754 3754 3754 -1 0 8512 -1 -1 -1 -1
94.886 3748 8233 8046 3754 3754 3754 3754 3754 -1 0 8512 -1 -1 -1 -1
95.394 3748 8233 8046 3754 3754 3754 3754 3754 -1 0 8512 -1 -1 -1 -1
95.973 3748 8233 8046 3754 3754 3754 3754 3754 -1 0 8512 -1 -1 -1 -1
115.534 3747 8233 8046 3754 3754 3754 3754 3754 -1 0 8512 -1 -1 -1 -1
116.153 3747 8233 8046 3754 3754 3754 3754 3754 -1 0 8512 -1 -1 -1 -1
116.814 3747 8233 8046 3754 3754 3754 3754 3754 -1 0 8512 -1 -1 -1 -1
118.550 3747 8244 8069 3754 3754 3754 3754 3754 -1 0 8512 -1 -1 -1 -1
119.142 3747 8244 8069 3754 3754 3754 3754 3754 -1 0 8512 -1 -1 -1 -1
119.758 3747 8244 8069 3754 3754 3754 3754 3754 -1 0 8512 -1 -1 -1 -1
121.353 3747 8244 8069 3754 3754 3754 3754 3754 -1 0 8512 -1 -1 -1 -1
121.879 3747 8244 8069 3754 3754 3754 3754 3754 -1 0 8512 -1 -1 -1 -1
122.466 3747 8244 8069 3754 3754 3754 3754 3754 -1 0 8496 -1 -1 -1 -1
123.055 3758 8244 8069 3754 3754 3754 3754 3754 -1 0 8496 -1 -1 -1 -1
123.282 3758 8244 8069 3754 3754 3754 3754 3754 -1 0 8496 -1 -1 -1 -1
140.087 3758 8244 8069 3754 3754 3754 3754 3754 -1 0 8512 -1 -1 -1 -1
140.929 3758 8243 8084 3754 3754 3754 3754 3754 -1 0 8512 -1 -1 -1 -1
141.184 3758 8243 8084 3754 3754 3754 3754 3754 -1 0 8512 -1 -1 -1 -1
142.143 3758 8243 8084 3754 3754 3754 3754 3754 -1 0 8512 -1 -1 -1 -1
168.434 3758 8243 8084 3754 3754 3754 3754 3754 -1 0 8512 -1 -1 -1 -1
169.013 3758 8243 8084 3754 3754 3754 3754 3754 -1 0 8512 -1 -1 -1 -1
169.633 3758 8243 8084 3754 3754 3754 3754 3754 -1 0 8512 -1 -1 -1 -1
171.262 3759 8243 8084 3754 3754 3754 3754 3754 -1 0 8512 -1 -1 -1 -1
171.781 3759 8243 8084 3754 3754 3754 3754 3754 -1 0 8512 -1 -1 -1 -1
172.303 3759 8243 8084 3754 3754 3754 3754 3754 -1 0 8512 -1 -1 -1 -1
173.485 3759 8235 8086 3754 3754 3754 3754 3754 -1 0 8512 -1 -1 -1 -1
173.992 3759 8235 8086 3754 3754 3754 3754 3754 -1 0 8512 -1 -1 -1 -1
174.542 3759 8235 8086 3754 3754 3754 3754 3754 -1 0 8512 -1 -1 -1 -1
192.087 3759 8235 8086 3754 3754 3754 3754 3754 -1 0 8512 -1 -1 -1 -1
193.355 3759 8235 8086 3754 3754 3754 3754 3754 -1 0 8512 -1 -1 -1 -1
193.973 3759 8235 8086 3754 3754 3754 3754 3754 -1 0 8512 -1 -1 -1 -1
195.226 3755 8235 8086 3754 3754 3754 3754 3754 -1 0 8512 -1 -1 -1 -1
195.754 3755 8235 8086 3754 3754 3754 3754 3754 -1 0 8512 -1 -1 -1 -1
196.329 3755 8235 8086 3754 3754 3754 3754 3754 -1 0 8512 -1 -1 -1 -1
197.574 3755 8236 8066 3754 3754 3754 3754 3754 -1 0 8512 -1 -1 -1 -1
198.074 3755 8236 8066 3754 3754 3754 3754 3754 -1 0 8512 -1 -1 -1 -1
216.150 3755 8236 8066 3754 3754 3754 3754 3754 -1 0 8512 -1 -1 -1 -1
217.591 3755 8236 8066 3754 3754 3754 3754 3754 -1 0 8512 -1 -1 -1 -1
218.117 3755 8236 8066 3754 3754 3754 3754 3754 -1 0 8512 -1 -1 -1 -1
218.710 3755 8236 8066 3754 3754 3754 3754 3754 -1 0 8512 -1 -1 -1 -1
219.936 3766 8236 8066 3754 3754 3754 3754 3754 -1 0 8512 -1 -1 -1 -1
220.824 3766 8236 8066 3754 3754 3754 3754 3754 -1 0 8512 -1 -1 -1 -1
221.441 3766 8236 8066 3754 3754 3754 3754 3754 -1 0 8512 -1 -1 -1 -1
242.875 3766 8246 8068 3754 3754 3754 3754 3754 -1 0 8512 -1 -1 -1 -1
243.484 3766 8246 8068 3754 3754 3754 3754 3754 -1 0 8512 -1 -1 -1 -1
244.084 3766 8246 8068 3754 3754 3754 3754 3754 -1 0 8528 -1 -1 -1 -1
245.386 3766 8246 8068 3754 3754 3754 3754 3754 -1 0 8528 -1 -1 -1 -1
245.974 3766 8246 8068 3754 3754 3754 3754 3754 -1 0 8528 -1 -1 -1 -1
246.549 3766 8246 8068 3754 3754 3754 3754 3754 -1 0 8512 -1 -1 -1 -1
247.819 3760 8246 8068 3754 3754 3754 3754 3754 -1 0 8512 -1 -1 -1 -1
248.106 3760 8246 8068 3754 3754 3754 3754 3754 -1 0 8512 -1 -1 -1 -1
248.381 3760 8246 8068 3754 3754 3754 3754 3754 -1 0 8512 -1 -1 -1 -1
266.153 3760 8236 8084 3754 3754 3754 3754 3754 -1 0 8512 -1 -1 -1 -1
266.695 3760 8236 8084 3754 3754 3754 3754 3754 -1 0 8512 -1 -1 -1 -1
267.244 3760 8236 8084 3754 3754 3754 3754 3754 -1 0 8512 -1 -1 -1 -1
268.492 3760 8236 8084 3754 3754 3754 3754 3754 -1 0 8512 -1 -1 -1 -1
269.009 3760 8236 8084 3754 3754 3754 3754 3754 -1 0 8512 -1 -1 -1 -1
269.337 3760 8236 8084 3754 3754 3754 3754 3754 -1 0 8512 -1 -1 -1 -1
286.080 3754 8236 8084 3754 3754 3754 3754 3754 -1 0 8512 -1 -1 -1 -1
