0.006 3817 8282 8898 11940 11940 11940 11940 11940 -1 0 7920 -1 -1 -1 -1
21.274 3817 8282 8898 11940 11940 11940 11940 11940 -1 0 7920 -1 -1 -1 -1
23.418 3817 8286 8841 11940 11940 11940 11940 11940 -1 0 7920 -1 -1 -1 -1
23.948 3817 8286 8841 11940 11940 11940 11940 11940 -1 0 7920 -1 -1 -1 -1
24.546 3817 8286 8841 11940 11940 11940 11940 11940 -1 0 7920 -1 -1 -1 -1
25.807 3817 8286 8841 11940 11940 11940 11940 11940 -1 0 7920 -1 -1 -1 -1
26.302 3817 8286 8841 11940 11940 11940 11940 11940 -1 0 7920 -1 -1 -1 -1
26.873 3817 8286 8841 11940 11940 11940 11940 11940 -1 0 7920 -1 -1 -1 -1
28.305 3812 8286 8841 11940 11940 11940 11940 11940 -1 0 7920 -1 -1 -1 -1
28.974 3812 8286 8841 11940 11940 11940 11940 11940 -1 0 7920 -1 -1 -1 -1
44.960 3812 8286 8841 11940 11940 11940 11940 11940 -1 0 7920 -1 -1 -1 -1
46.546 3812 8298 8854 11940 11940 11940 11940 11940 -1 0 7920 -1 -1 -1 -1
47.064 3812 8298 8854 11940 11940 11940 11940 11940 -1 0 7920 -1 -1 -1 -1
47.651 3812 8298 8854 11940 11940 11940 11940 11940 -1 0 7920 -1 -1 -1 -1
49.673 3812 8298 8854 11940 11940 11940 11940 11940 -1 0 7920 -1 -1 -1 -1
50.197 3812 8298 8854 11940 11940 11940 11940 11940 -1 0 7920 -1 -1 -1 -1
51.067 3812 8298 8854 11940 11940 11940 11940 11940 -1 0 7920 -1 -1 -1 -1
52.314 3820 8298 8854 11940 11940 11940 11940 11940 -1 0 7920 -1 -1 -1 -1
52.915 3820 8298 8854 11940 11940 11940 11940 11940 -1 0 7920 -1 -1 -1 -1
72.340 3820 8298 8854 11940 11940 11940 11940 11940 -1 0 7920 -1 -1 -1 -1
74.084 3820 8289 8890 11940 11940 11940 11940 11940 -1 0 7920 -1 -1 -1 -1
74.677 3820 8289 8890 11940 11940 11940 11940 11940 -1 0 7920 -1 -1 -1 -1
75.260 3820 8289 8890 11940 11940 11940 11940 11940 -1 0 7920 -1 -1 -1 -1
76.511 3820 8289 8890 11940 11940 11940 11940 11940 -1 0 7920 -1 -1 -1 -1
77.036 3820 8289 8890 11940 11940 11940 11940 11940 -1 0 7920 -1 -1 -1 -1
94.116 3820 8289 8890 11940 11940 11940 11940 11940 -1 0 7920 -1 -1 -1 -1
96.385 3838 8289 8890 11940 11940 11940 11940 11940 -1 0 7920 -1 -1 -1 -1
96.975 3838 8289 8890 11940 11940 11940 11940 11940 -1 0 7920 -1 -1 -1 -1
97.634 3838 8289 8890 11940 11940 11940 11940 11940 -1 0 7920 -1 -1 -1 -1
98.747 3838 8269 8904 11940 11940 11940 11940 11940 -1 0 7920 -1 -1 -1 -1
99.002 3838 8269 8904 11940 11940 11940 11940 11940 -1 0 7920 -1 -1 -1 -1
99.258 3838 8269 8904 11940 11940 11940 11940 11940 -1 0 7920 -1 -1 -1 -1
99.829 3838 8269 8904 11940 11940 11940 11940 11940 -1 0 7920 -1 -1 -1 -1
100.059 3838 8269 8904 11940 11940 11940 11940 11940 -1 0 7920 -1 -1 -1 -1
127.169 3838 8269 8904 11940 11940 11940 11940 11940 -1 0 7904 -1 -1 -1 -1
128.941 3817 8269 8904 11940 11940 11940 11940 11940 -1 0 7904 -1 -1 -1 -1
129.538 3817 8269 8904 11940 11940 11940 11940 11940 -1 0 7904 -1 -1 -1 -1
130.111 3817 8269 8904 11940 11940 11940 11940 11940 -1 0 7920 -1 -1 -1 -1
131.320 3817 8290 8863 11940 11940 11940 11940 11940 -1 0 7920 -1 -1 -1 -1
131.822 3817 8290 8863 11940 11940 11940 11940 11940 -1 0 7920 -1 -1 -1 -1
132.374 3817 8290 8863 11940 11940 11940 11940 11940 -1 0 7904 -1 -1 -1 -1
133.614 3817 8290 8863 11940 11940 11940 11940 11940 -1 0 7904 -1 -1 -1 -1
134.117 3817 8290 8863 11940 11940 11940 11940 11940 -1 0 7904 -1 -1 -1 -1
146.128 3817 8290 8863 11940 11940 11940 11940 11940 -1 0 7920 -1 -1 -1 -1
147.566 3799 8290 8863 11940 11940 11940 11940 11940 -1 0 7920 -1 -1 -1 -1
148.328 3799 8290 8863 11940 11940 11940 11940 11940 -1 0 7920 -1 -1 -1 -1
149.077 3799 8290 8863 11940 11940 11940 11940 11940 -1 0 7904 -1 -1 -1 -1
150.292 3799 8299 8848 11940 11940 11940 11940 11940 -1 0 7904 -1 -1 -1 -1
150.833 3799 8299 8848 11940 11940 11940 11940 11940 -1 0 7904 -1 -1 -1 -1
170.954 3799 8299 8848 11940 11940 11940 11940 11940 -1 0 7904 -1 -1 -1 -1
173.305 3799 8299 8848 11940 11940 11940 11940 11940 -1 0 7904 -1 -1 -1 -1
173.854 3799 8299 8848 11940 11940 11940 11940 11940 -1 0 7904 -1 -1 -1 -1
174.417 3799 8299 8848 11940 11940 11940 11940 11940 -1 0 7904 -1 -1 -1 -1
175.683 3822 8299 8848 11940 11940 11940 11940 11940 -1 0 7904 -1 -1 -1 -1
176.192 3822 8299 8848 11940 11940 11940 11940 11940 -1 0 7904 -1 -1 -1 -1
197.122 3822 8299 8848 11940 11940 11940 11940 11940 -1 0 7904 -1 -1 -1 -1
198.844 3822 8281 8868 11940 11940 11940 11940 11940 -1 0 7904 -1 -1 -1 -1
199.362 3822 8281 8868 11940 11940 11940 11940 11940 -1 0 7904 -1 -1 -1 -1
199.989 3822 8281 8868 11940 11940 11940 11940 11940 -1 0 7904 -1 -1 -1 -1
201.192 3822 8281 8868 11940 11940 11940 11940 11940 -1 0 7904 -1 -1 -1 -1
201.735 3822 8281 8868 11940 11940 11940 11940 11940 -1 0 7904 -1 -1 -1 -1
202.287 3822 8281 8868 11940 11940 11940 11940 11940 -1 0 7904 -1 -1 -1 -1
202.877 3829 8281 8868 11940 11940 11940 11940 11940 -1 0 7904 -1 -1 -1 -1
203.104 3829 8281 8868 11940 11940 11940 11940 11940 -1 0 7904 -1 -1 -1 -1
220.122 3829 8281 8868 11940 11940 11940 11940 11940 -1 0 7920 -1 -1 -1 -1
222.316 3829 8281 8894 11940 11940 11940 11940 11940 -1 0 7920 -1 -1 -1 -1
222.861 3829 8281 8894 11940 11940 11940 11940 11940 -1 0 7920 -1 -1 -1 -1
223.409 3829 8281 8894 11940 11940 11940 11940 11940 -1 0 7920 -1 -1 -1 -1
224.630 3829 8281 8894 11940 11940 11940 11940 11940 -1 0 7920 -1 -1 -1 -1
225.131 3829 8281 8894 11940 11940 11940 11940 11940 -1 0 7920 -1 -1 -1 -1
245.780 3829 8281 8894 11940 11940 11940 11940 11940 -1 0 7904 -1 -1 -1 -1
247.179 3822 8281 8894 11940 11940 11940 11940 11940 -1 0 7904 -1 -1 -1 -1
247.736 3822 8281 8894 11940 11940 11940 11940 11940 -1 0 7904 -1 -1 -1 -1
248.616 3822 8281 8894 11940 11940 11940 11940 11940 -1 0 7904 -1 -1 -1 -1
249.186 3822 8298 8883 11940 11940 11940 11940 11940 -1 0 7904 -1 -1 -1 -1
249.410 3822 8298 8883 11940 11940 11940 11940 11940 -1 0 7904 -1 -1 -1 -1
269.145 3822 8298 8883 11940 11940 11940 11940 11940 -1 0 7920 -1 -1 -1 -1
270.564 3822 8298 8883 11940 11940 11940 11940 11940 -1 0 7920 -1 -1 -1 -1
272.287 3822 8298 8883 11940 11940 11940 11940 11940 -1 0 7920 -1 -1 -1 -1
273.211 3822 8298 8883 11940 11940 11940 11940 11940 -1 0 7904 -1 -1 -1 -1
274.690 3805 8298 8883 11940 11940 11940 11940 11940 -1 0 7904 -1 -1 -1 -1
275.207 3805 8298 8883 11940 11940 11940 11940 11940 -1 0 7904 -1 -1 -1 -1
275.854 3805 8298 8883 11940 11940 11940 11940 11940 -1 0 7904 -1 -1 -1 -1
276.401 3805 8286 8851 11940 11940 11940 11940 11940 -1 0 7904 -1 -1 -1 -1
276.711 3805 8286 8851 11940 11940 11940 11940 11940 -1 0 7904 -1 -1 -1 -1
294.143 3805 8286 8851 11940 11940 11940 11940 11940 -1 0 7904 -1 -1 -1 -1
294.945 3805 8286 8851 11940 11940 11940 11940 11940 -1 0 7904 -1 -1 -1 -1
295.249 3805 8286 8851 11940 11940 11940 11940 11940 -1 0 7904 -1 -1 -1 -1
295.614 3805 8286 8851 11940 11940 11940 11940 11940 -1 0 7920 -1 -1 -1 -1
296.128 3814 8286 8851 11940 11940 11940 11940 11940 -1 0 7920 -1 -1 -1 -1
296.342 3814 8286 8851 11940 11940 11940 11940 11940 -1 0 7920 -1 -1 -1 -1
296.614 3814 8286 8851 11940 11940 11940 11940 11940 -1 0 7920 -1 -1 -1 -1
297.087 3814 8288 8871 11940 11940 11940 11940 11940 -1 0 7920 -1 -1 -1 -1
297.287 3814 8288 8871 11940 11940 11940 11940 11940 -1 0 7920 -1 -1 -1 -1
310.109 3814 8288 8871 11940 11940 11940 11940 11940 -1 0 7920 -1 -1 -1 -1
